1 1 0.183344760087951 0
1 2 2.17180510701972 0
2 2 0.0906095152594436 0
2 3 2.44615874069664 0
3 3 0.359629017205573 0
3 4 1.46147922060099 0
4 1 3.97029191355212 1
4 5 3.97029191355212 1
4 9 3.97029191355212 1
4 13 3.97029191355212 1
4 17 3.97029191355212 1
4 21 3.97029191355212 1
4 25 3.97029191355212 1
4 29 3.97029191355212 1
4 37 3.97029191355212 1
4 41 3.97029191355212 1
4 45 3.97029191355212 1
4 49 3.97029191355212 1
4 53 3.97029191355212 1
4 57 3.97029191355212 1
4 61 3.97029191355212 1
4 65 3.97029191355212 1
4 69 3.97029191355212 1
4 73 3.97029191355212 1
4 77 3.97029191355212 1
4 81 3.97029191355212 1
4 85 3.97029191355212 1
4 89 3.97029191355212 1
4 93 3.97029191355212 1
4 97 3.97029191355212 1
4 101 3.97029191355212 1
4 105 3.97029191355212 1
4 109 3.97029191355212 1
4 113 3.97029191355212 1
4 117 3.97029191355212 1
4 121 3.97029191355212 1
4 125 3.97029191355212 1
4 129 3.97029191355212 1
4 133 3.97029191355212 1
4 137 3.97029191355212 1
4 141 3.97029191355212 1
4 145 3.97029191355212 1
4 149 3.97029191355212 1
4 153 3.97029191355212 1
4 157 3.97029191355212 1
4 161 3.97029191355212 1
4 165 3.97029191355212 1
4 169 3.97029191355212 1
4 173 3.97029191355212 1
4 177 3.97029191355212 1
4 181 3.97029191355212 1
4 185 3.97029191355212 1
4 189 3.97029191355212 1
4 193 3.97029191355212 1
4 197 3.97029191355212 1
4 201 3.97029191355212 1
4 205 3.97029191355212 1
4 209 3.97029191355212 1
5 5 0.290274362868445 0
5 6 1.37855756744242 0
6 6 0.13907323458882 0
6 7 2.04148547400751 0
7 7 0.276129066173205 0
7 8 1.42177647156559 0
8 1 3.97029191355212 1
8 5 3.97029191355212 1
8 9 3.97029191355212 1
8 13 3.97029191355212 1
8 17 3.97029191355212 1
8 21 3.97029191355212 1
8 25 3.97029191355212 1
8 29 3.97029191355212 1
8 37 3.97029191355212 1
8 41 3.97029191355212 1
8 45 3.97029191355212 1
8 49 3.97029191355212 1
8 53 3.97029191355212 1
8 57 3.97029191355212 1
8 61 3.97029191355212 1
8 65 3.97029191355212 1
8 69 3.97029191355212 1
8 73 3.97029191355212 1
8 77 3.97029191355212 1
8 81 3.97029191355212 1
8 85 3.97029191355212 1
8 89 3.97029191355212 1
8 93 3.97029191355212 1
8 97 3.97029191355212 1
8 101 3.97029191355212 1
8 105 3.97029191355212 1
8 109 3.97029191355212 1
8 113 3.97029191355212 1
8 117 3.97029191355212 1
8 121 3.97029191355212 1
8 125 3.97029191355212 1
8 129 3.97029191355212 1
8 133 3.97029191355212 1
8 137 3.97029191355212 1
8 141 3.97029191355212 1
8 145 3.97029191355212 1
8 149 3.97029191355212 1
8 153 3.97029191355212 1
8 157 3.97029191355212 1
8 161 3.97029191355212 1
8 165 3.97029191355212 1
8 169 3.97029191355212 1
8 173 3.97029191355212 1
8 177 3.97029191355212 1
8 181 3.97029191355212 1
8 185 3.97029191355212 1
8 189 3.97029191355212 1
8 193 3.97029191355212 1
8 197 3.97029191355212 1
8 201 3.97029191355212 1
8 205 3.97029191355212 1
8 209 3.97029191355212 1
9 9 0.344577697294371 0
9 10 1.23278217079797 0
10 10 0.425123422817906 0
10 11 1.06041835246992 0
11 11 0.453130307787497 0
11 12 1.00959998985839 0
12 1 3.97029191355212 1
12 5 3.97029191355212 1
12 9 3.97029191355212 1
12 13 3.97029191355212 1
12 17 3.97029191355212 1
12 21 3.97029191355212 1
12 25 3.97029191355212 1
12 29 3.97029191355212 1
12 37 3.97029191355212 1
12 41 3.97029191355212 1
12 45 3.97029191355212 1
12 49 3.97029191355212 1
12 53 3.97029191355212 1
12 57 3.97029191355212 1
12 61 3.97029191355212 1
12 65 3.97029191355212 1
12 69 3.97029191355212 1
12 73 3.97029191355212 1
12 77 3.97029191355212 1
12 81 3.97029191355212 1
12 85 3.97029191355212 1
12 89 3.97029191355212 1
12 93 3.97029191355212 1
12 97 3.97029191355212 1
12 101 3.97029191355212 1
12 105 3.97029191355212 1
12 109 3.97029191355212 1
12 113 3.97029191355212 1
12 117 3.97029191355212 1
12 121 3.97029191355212 1
12 125 3.97029191355212 1
12 129 3.97029191355212 1
12 133 3.97029191355212 1
12 137 3.97029191355212 1
12 141 3.97029191355212 1
12 145 3.97029191355212 1
12 149 3.97029191355212 1
12 153 3.97029191355212 1
12 157 3.97029191355212 1
12 161 3.97029191355212 1
12 165 3.97029191355212 1
12 169 3.97029191355212 1
12 173 3.97029191355212 1
12 177 3.97029191355212 1
12 181 3.97029191355212 1
12 185 3.97029191355212 1
12 189 3.97029191355212 1
12 193 3.97029191355212 1
12 197 3.97029191355212 1
12 201 3.97029191355212 1
12 205 3.97029191355212 1
12 209 3.97029191355212 1
13 13 0.337541448024057 0
13 14 1.25009527994271 0
14 14 0.111033130111089 0
14 15 2.25292958905338 0
15 15 0.206476226101763 0
15 16 1.67903239342319 0
16 1 3.97029191355212 1
16 5 3.97029191355212 1
16 9 3.97029191355212 1
16 13 3.97029191355212 1
16 17 3.97029191355212 1
16 21 3.97029191355212 1
16 25 3.97029191355212 1
16 29 3.97029191355212 1
16 37 3.97029191355212 1
16 41 3.97029191355212 1
16 45 3.97029191355212 1
16 49 3.97029191355212 1
16 53 3.97029191355212 1
16 57 3.97029191355212 1
16 61 3.97029191355212 1
16 65 3.97029191355212 1
16 69 3.97029191355212 1
16 73 3.97029191355212 1
16 77 3.97029191355212 1
16 81 3.97029191355212 1
16 85 3.97029191355212 1
16 89 3.97029191355212 1
16 93 3.97029191355212 1
16 97 3.97029191355212 1
16 101 3.97029191355212 1
16 105 3.97029191355212 1
16 109 3.97029191355212 1
16 113 3.97029191355212 1
16 117 3.97029191355212 1
16 121 3.97029191355212 1
16 125 3.97029191355212 1
16 129 3.97029191355212 1
16 133 3.97029191355212 1
16 137 3.97029191355212 1
16 141 3.97029191355212 1
16 145 3.97029191355212 1
16 149 3.97029191355212 1
16 153 3.97029191355212 1
16 157 3.97029191355212 1
16 161 3.97029191355212 1
16 165 3.97029191355212 1
16 169 3.97029191355212 1
16 173 3.97029191355212 1
16 177 3.97029191355212 1
16 181 3.97029191355212 1
16 185 3.97029191355212 1
16 189 3.97029191355212 1
16 193 3.97029191355212 1
16 197 3.97029191355212 1
16 201 3.97029191355212 1
16 205 3.97029191355212 1
16 209 3.97029191355212 1
17 17 0.761596699689528 0
17 18 0.629084335038084 0
18 18 0.453063762407496 0
18 19 1.00971636355532 0
19 19 0.509220912004901 0
19 20 0.918702638183125 0
20 1 3.97029191355212 1
20 5 3.97029191355212 1
20 9 3.97029191355212 1
20 13 3.97029191355212 1
20 17 3.97029191355212 1
20 21 3.97029191355212 1
20 25 3.97029191355212 1
20 29 3.97029191355212 1
20 37 3.97029191355212 1
20 41 3.97029191355212 1
20 45 3.97029191355212 1
20 49 3.97029191355212 1
20 53 3.97029191355212 1
20 57 3.97029191355212 1
20 61 3.97029191355212 1
20 65 3.97029191355212 1
20 69 3.97029191355212 1
20 73 3.97029191355212 1
20 77 3.97029191355212 1
20 81 3.97029191355212 1
20 85 3.97029191355212 1
20 89 3.97029191355212 1
20 93 3.97029191355212 1
20 97 3.97029191355212 1
20 101 3.97029191355212 1
20 105 3.97029191355212 1
20 109 3.97029191355212 1
20 113 3.97029191355212 1
20 117 3.97029191355212 1
20 121 3.97029191355212 1
20 125 3.97029191355212 1
20 129 3.97029191355212 1
20 133 3.97029191355212 1
20 137 3.97029191355212 1
20 141 3.97029191355212 1
20 145 3.97029191355212 1
20 149 3.97029191355212 1
20 153 3.97029191355212 1
20 157 3.97029191355212 1
20 161 3.97029191355212 1
20 165 3.97029191355212 1
20 169 3.97029191355212 1
20 173 3.97029191355212 1
20 177 3.97029191355212 1
20 181 3.97029191355212 1
20 185 3.97029191355212 1
20 189 3.97029191355212 1
20 193 3.97029191355212 1
20 197 3.97029191355212 1
20 201 3.97029191355212 1
20 205 3.97029191355212 1
20 209 3.97029191355212 1
21 21 0.313576456880738 0
21 22 1.31240618454802 0
22 22 0.112669270768566 0
22 23 2.23910431857335 0
23 23 0.196759443279935 0
23 24 1.72254054329334 0
24 1 3.97029191355212 1
24 5 3.97029191355212 1
24 9 3.97029191355212 1
24 13 3.97029191355212 1
24 17 3.97029191355212 1
24 21 3.97029191355212 1
24 25 3.97029191355212 1
24 29 3.97029191355212 1
24 37 3.97029191355212 1
24 41 3.97029191355212 1
24 45 3.97029191355212 1
24 49 3.97029191355212 1
24 53 3.97029191355212 1
24 57 3.97029191355212 1
24 61 3.97029191355212 1
24 65 3.97029191355212 1
24 69 3.97029191355212 1
24 73 3.97029191355212 1
24 77 3.97029191355212 1
24 81 3.97029191355212 1
24 85 3.97029191355212 1
24 89 3.97029191355212 1
24 93 3.97029191355212 1
24 97 3.97029191355212 1
24 101 3.97029191355212 1
24 105 3.97029191355212 1
24 109 3.97029191355212 1
24 113 3.97029191355212 1
24 117 3.97029191355212 1
24 121 3.97029191355212 1
24 125 3.97029191355212 1
24 129 3.97029191355212 1
24 133 3.97029191355212 1
24 137 3.97029191355212 1
24 141 3.97029191355212 1
24 145 3.97029191355212 1
24 149 3.97029191355212 1
24 153 3.97029191355212 1
24 157 3.97029191355212 1
24 161 3.97029191355212 1
24 165 3.97029191355212 1
24 169 3.97029191355212 1
24 173 3.97029191355212 1
24 177 3.97029191355212 1
24 181 3.97029191355212 1
24 185 3.97029191355212 1
24 189 3.97029191355212 1
24 193 3.97029191355212 1
24 197 3.97029191355212 1
24 201 3.97029191355212 1
24 205 3.97029191355212 1
24 209 3.97029191355212 1
25 25 0.525343499990925 0
25 26 0.894901618614571 0
26 26 0.627581187452529 0
26 27 0.763315599875431 0
27 27 0.392325363894915 0
27 28 1.12542136188202 0
28 1 3.97029191355212 1
28 5 3.97029191355212 1
28 9 3.97029191355212 1
28 13 3.97029191355212 1
28 17 3.97029191355212 1
28 21 3.97029191355212 1
28 25 3.97029191355212 1
28 29 3.97029191355212 1
28 37 3.97029191355212 1
28 41 3.97029191355212 1
28 45 3.97029191355212 1
28 49 3.97029191355212 1
28 53 3.97029191355212 1
28 57 3.97029191355212 1
28 61 3.97029191355212 1
28 65 3.97029191355212 1
28 69 3.97029191355212 1
28 73 3.97029191355212 1
28 77 3.97029191355212 1
28 81 3.97029191355212 1
28 85 3.97029191355212 1
28 89 3.97029191355212 1
28 93 3.97029191355212 1
28 97 3.97029191355212 1
28 101 3.97029191355212 1
28 105 3.97029191355212 1
28 109 3.97029191355212 1
28 113 3.97029191355212 1
28 117 3.97029191355212 1
28 121 3.97029191355212 1
28 125 3.97029191355212 1
28 129 3.97029191355212 1
28 133 3.97029191355212 1
28 137 3.97029191355212 1
28 141 3.97029191355212 1
28 145 3.97029191355212 1
28 149 3.97029191355212 1
28 153 3.97029191355212 1
28 157 3.97029191355212 1
28 161 3.97029191355212 1
28 165 3.97029191355212 1
28 169 3.97029191355212 1
28 173 3.97029191355212 1
28 177 3.97029191355212 1
28 181 3.97029191355212 1
28 185 3.97029191355212 1
28 189 3.97029191355212 1
28 193 3.97029191355212 1
28 197 3.97029191355212 1
28 201 3.97029191355212 1
28 205 3.97029191355212 1
28 209 3.97029191355212 1
29 29 0.423314260679133 0
29 30 1.06384252399843 0
30 30 0.2864600194628 0
30 31 1.38996950619999 0
31 31 0.599945403693998 0
31 32 0.795936781630399 0
32 1 3.97029191355212 1
32 5 3.97029191355212 1
32 9 3.97029191355212 1
32 13 3.97029191355212 1
32 17 3.97029191355212 1
32 21 3.97029191355212 1
32 25 3.97029191355212 1
32 29 3.97029191355212 1
32 37 3.97029191355212 1
32 41 3.97029191355212 1
32 45 3.97029191355212 1
32 49 3.97029191355212 1
32 53 3.97029191355212 1
32 57 3.97029191355212 1
32 61 3.97029191355212 1
32 65 3.97029191355212 1
32 69 3.97029191355212 1
32 73 3.97029191355212 1
32 77 3.97029191355212 1
32 81 3.97029191355212 1
32 85 3.97029191355212 1
32 89 3.97029191355212 1
32 93 3.97029191355212 1
32 97 3.97029191355212 1
32 101 3.97029191355212 1
32 105 3.97029191355212 1
32 109 3.97029191355212 1
32 113 3.97029191355212 1
32 117 3.97029191355212 1
32 121 3.97029191355212 1
32 125 3.97029191355212 1
32 129 3.97029191355212 1
32 133 3.97029191355212 1
32 137 3.97029191355212 1
32 141 3.97029191355212 1
32 145 3.97029191355212 1
32 149 3.97029191355212 1
32 153 3.97029191355212 1
32 157 3.97029191355212 1
32 161 3.97029191355212 1
32 165 3.97029191355212 1
32 169 3.97029191355212 1
32 173 3.97029191355212 1
32 177 3.97029191355212 1
32 181 3.97029191355212 1
32 185 3.97029191355212 1
32 189 3.97029191355212 1
32 193 3.97029191355212 1
32 197 3.97029191355212 1
32 201 3.97029191355212 1
32 205 3.97029191355212 1
32 209 3.97029191355212 1
37 37 0.288419544317322 0
37 38 1.38408520310737 0
38 38 0.697554076678153 0
38 39 0.688759619996509 0
39 39 0.684814593191988 0
39 40 0.701549783761714 0
40 1 3.97029191355212 1
40 5 3.97029191355212 1
40 9 3.97029191355212 1
40 13 3.97029191355212 1
40 17 3.97029191355212 1
40 21 3.97029191355212 1
40 25 3.97029191355212 1
40 29 3.97029191355212 1
40 37 3.97029191355212 1
40 41 3.97029191355212 1
40 45 3.97029191355212 1
40 49 3.97029191355212 1
40 53 3.97029191355212 1
40 57 3.97029191355212 1
40 61 3.97029191355212 1
40 65 3.97029191355212 1
40 69 3.97029191355212 1
40 73 3.97029191355212 1
40 77 3.97029191355212 1
40 81 3.97029191355212 1
40 85 3.97029191355212 1
40 89 3.97029191355212 1
40 93 3.97029191355212 1
40 97 3.97029191355212 1
40 101 3.97029191355212 1
40 105 3.97029191355212 1
40 109 3.97029191355212 1
40 113 3.97029191355212 1
40 117 3.97029191355212 1
40 121 3.97029191355212 1
40 125 3.97029191355212 1
40 129 3.97029191355212 1
40 133 3.97029191355212 1
40 137 3.97029191355212 1
40 141 3.97029191355212 1
40 145 3.97029191355212 1
40 149 3.97029191355212 1
40 153 3.97029191355212 1
40 157 3.97029191355212 1
40 161 3.97029191355212 1
40 165 3.97029191355212 1
40 169 3.97029191355212 1
40 173 3.97029191355212 1
40 177 3.97029191355212 1
40 181 3.97029191355212 1
40 185 3.97029191355212 1
40 189 3.97029191355212 1
40 193 3.97029191355212 1
40 197 3.97029191355212 1
40 201 3.97029191355212 1
40 205 3.97029191355212 1
40 209 3.97029191355212 1
41 41 0.372279347549832 0
41 42 1.16848243770765 0
42 42 0.214865781778564 0
42 43 1.64325170933965 0
43 43 0.513644593329789 0
43 44 0.912077121611455 0
44 1 3.97029191355212 1
44 5 3.97029191355212 1
44 9 3.97029191355212 1
44 13 3.97029191355212 1
44 17 3.97029191355212 1
44 21 3.97029191355212 1
44 25 3.97029191355212 1
44 29 3.97029191355212 1
44 37 3.97029191355212 1
44 41 3.97029191355212 1
44 45 3.97029191355212 1
44 49 3.97029191355212 1
44 53 3.97029191355212 1
44 57 3.97029191355212 1
44 61 3.97029191355212 1
44 65 3.97029191355212 1
44 69 3.97029191355212 1
44 73 3.97029191355212 1
44 77 3.97029191355212 1
44 81 3.97029191355212 1
44 85 3.97029191355212 1
44 89 3.97029191355212 1
44 93 3.97029191355212 1
44 97 3.97029191355212 1
44 101 3.97029191355212 1
44 105 3.97029191355212 1
44 109 3.97029191355212 1
44 113 3.97029191355212 1
44 117 3.97029191355212 1
44 121 3.97029191355212 1
44 125 3.97029191355212 1
44 129 3.97029191355212 1
44 133 3.97029191355212 1
44 137 3.97029191355212 1
44 141 3.97029191355212 1
44 145 3.97029191355212 1
44 149 3.97029191355212 1
44 153 3.97029191355212 1
44 157 3.97029191355212 1
44 161 3.97029191355212 1
44 165 3.97029191355212 1
44 169 3.97029191355212 1
44 173 3.97029191355212 1
44 177 3.97029191355212 1
44 181 3.97029191355212 1
44 185 3.97029191355212 1
44 189 3.97029191355212 1
44 193 3.97029191355212 1
44 197 3.97029191355212 1
44 201 3.97029191355212 1
44 205 3.97029191355212 1
44 209 3.97029191355212 1
45 45 0.230295817902831 0
45 46 1.58132967631819 0
46 46 0.621975457827619 0
46 47 0.769775125178879 0
47 47 0.46924791486979 0
47 48 0.982090047479149 0
48 1 3.97029191355212 1
48 5 3.97029191355212 1
48 9 3.97029191355212 1
48 13 3.97029191355212 1
48 17 3.97029191355212 1
48 21 3.97029191355212 1
48 25 3.97029191355212 1
48 29 3.97029191355212 1
48 37 3.97029191355212 1
48 41 3.97029191355212 1
48 45 3.97029191355212 1
48 49 3.97029191355212 1
48 53 3.97029191355212 1
48 57 3.97029191355212 1
48 61 3.97029191355212 1
48 65 3.97029191355212 1
48 69 3.97029191355212 1
48 73 3.97029191355212 1
48 77 3.97029191355212 1
48 81 3.97029191355212 1
48 85 3.97029191355212 1
48 89 3.97029191355212 1
48 93 3.97029191355212 1
48 97 3.97029191355212 1
48 101 3.97029191355212 1
48 105 3.97029191355212 1
48 109 3.97029191355212 1
48 113 3.97029191355212 1
48 117 3.97029191355212 1
48 121 3.97029191355212 1
48 125 3.97029191355212 1
48 129 3.97029191355212 1
48 133 3.97029191355212 1
48 137 3.97029191355212 1
48 141 3.97029191355212 1
48 145 3.97029191355212 1
48 149 3.97029191355212 1
48 153 3.97029191355212 1
48 157 3.97029191355212 1
48 161 3.97029191355212 1
48 165 3.97029191355212 1
48 169 3.97029191355212 1
48 173 3.97029191355212 1
48 177 3.97029191355212 1
48 181 3.97029191355212 1
48 185 3.97029191355212 1
48 189 3.97029191355212 1
48 193 3.97029191355212 1
48 197 3.97029191355212 1
48 201 3.97029191355212 1
48 205 3.97029191355212 1
48 209 3.97029191355212 1
49 49 0.158584092895825 0
49 50 1.91971534824168 0
50 50 0.211300458410373 0
50 51 1.65826477727699 0
51 51 0.374127500529803 0
51 52 1.16439670561164 0
52 1 3.97029191355212 1
52 5 3.97029191355212 1
52 9 3.97029191355212 1
52 13 3.97029191355212 1
52 17 3.97029191355212 1
52 21 3.97029191355212 1
52 25 3.97029191355212 1
52 29 3.97029191355212 1
52 37 3.97029191355212 1
52 41 3.97029191355212 1
52 45 3.97029191355212 1
52 49 3.97029191355212 1
52 53 3.97029191355212 1
52 57 3.97029191355212 1
52 61 3.97029191355212 1
52 65 3.97029191355212 1
52 69 3.97029191355212 1
52 73 3.97029191355212 1
52 77 3.97029191355212 1
52 81 3.97029191355212 1
52 85 3.97029191355212 1
52 89 3.97029191355212 1
52 93 3.97029191355212 1
52 97 3.97029191355212 1
52 101 3.97029191355212 1
52 105 3.97029191355212 1
52 109 3.97029191355212 1
52 113 3.97029191355212 1
52 117 3.97029191355212 1
52 121 3.97029191355212 1
52 125 3.97029191355212 1
52 129 3.97029191355212 1
52 133 3.97029191355212 1
52 137 3.97029191355212 1
52 141 3.97029191355212 1
52 145 3.97029191355212 1
52 149 3.97029191355212 1
52 153 3.97029191355212 1
52 157 3.97029191355212 1
52 161 3.97029191355212 1
52 165 3.97029191355212 1
52 169 3.97029191355212 1
52 173 3.97029191355212 1
52 177 3.97029191355212 1
52 181 3.97029191355212 1
52 185 3.97029191355212 1
52 189 3.97029191355212 1
52 193 3.97029191355212 1
52 197 3.97029191355212 1
52 201 3.97029191355212 1
52 205 3.97029191355212 1
52 209 3.97029191355212 1
53 53 0.875567302211256 0
53 54 0.538926103210651 0
54 54 0.266276939005064 0
54 55 1.45340429216665 0
55 55 0.528599480409763 0
55 56 0.890208597311858 0
56 1 3.97029191355212 1
56 5 3.97029191355212 1
56 9 3.97029191355212 1
56 13 3.97029191355212 1
56 17 3.97029191355212 1
56 21 3.97029191355212 1
56 25 3.97029191355212 1
56 29 3.97029191355212 1
56 37 3.97029191355212 1
56 41 3.97029191355212 1
56 45 3.97029191355212 1
56 49 3.97029191355212 1
56 53 3.97029191355212 1
56 57 3.97029191355212 1
56 61 3.97029191355212 1
56 65 3.97029191355212 1
56 69 3.97029191355212 1
56 73 3.97029191355212 1
56 77 3.97029191355212 1
56 81 3.97029191355212 1
56 85 3.97029191355212 1
56 89 3.97029191355212 1
56 93 3.97029191355212 1
56 97 3.97029191355212 1
56 101 3.97029191355212 1
56 105 3.97029191355212 1
56 109 3.97029191355212 1
56 113 3.97029191355212 1
56 117 3.97029191355212 1
56 121 3.97029191355212 1
56 125 3.97029191355212 1
56 129 3.97029191355212 1
56 133 3.97029191355212 1
56 137 3.97029191355212 1
56 141 3.97029191355212 1
56 145 3.97029191355212 1
56 149 3.97029191355212 1
56 153 3.97029191355212 1
56 157 3.97029191355212 1
56 161 3.97029191355212 1
56 165 3.97029191355212 1
56 169 3.97029191355212 1
56 173 3.97029191355212 1
56 177 3.97029191355212 1
56 181 3.97029191355212 1
56 185 3.97029191355212 1
56 189 3.97029191355212 1
56 193 3.97029191355212 1
56 197 3.97029191355212 1
56 201 3.97029191355212 1
56 205 3.97029191355212 1
56 209 3.97029191355212 1
57 57 0.36213496562238 0
57 58 1.19134750653428 0
58 58 0.881508459813222 0
58 59 0.534704467556026 0
59 59 1.08688541798485 0
59 60 0.411380519707544 0
60 1 3.97029191355212 1
60 5 3.97029191355212 1
60 9 3.97029191355212 1
60 13 3.97029191355212 1
60 17 3.97029191355212 1
60 21 3.97029191355212 1
60 25 3.97029191355212 1
60 29 3.97029191355212 1
60 37 3.97029191355212 1
60 41 3.97029191355212 1
60 45 3.97029191355212 1
60 49 3.97029191355212 1
60 53 3.97029191355212 1
60 57 3.97029191355212 1
60 61 3.97029191355212 1
60 65 3.97029191355212 1
60 69 3.97029191355212 1
60 73 3.97029191355212 1
60 77 3.97029191355212 1
60 81 3.97029191355212 1
60 85 3.97029191355212 1
60 89 3.97029191355212 1
60 93 3.97029191355212 1
60 97 3.97029191355212 1
60 101 3.97029191355212 1
60 105 3.97029191355212 1
60 109 3.97029191355212 1
60 113 3.97029191355212 1
60 117 3.97029191355212 1
60 121 3.97029191355212 1
60 125 3.97029191355212 1
60 129 3.97029191355212 1
60 133 3.97029191355212 1
60 137 3.97029191355212 1
60 141 3.97029191355212 1
60 145 3.97029191355212 1
60 149 3.97029191355212 1
60 153 3.97029191355212 1
60 157 3.97029191355212 1
60 161 3.97029191355212 1
60 165 3.97029191355212 1
60 169 3.97029191355212 1
60 173 3.97029191355212 1
60 177 3.97029191355212 1
60 181 3.97029191355212 1
60 185 3.97029191355212 1
60 189 3.97029191355212 1
60 193 3.97029191355212 1
60 197 3.97029191355212 1
60 201 3.97029191355212 1
60 205 3.97029191355212 1
60 209 3.97029191355212 1
61 61 1.16805626188615 0
61 62 0.372471483473529 0
62 62 0.63836358436852 0
62 63 0.751106856501121 0
63 63 1.17282626644023 0
63 64 0.370326272184423 0
64 1 3.97029191355212 1
64 5 3.97029191355212 1
64 9 3.97029191355212 1
64 13 3.97029191355212 1
64 17 3.97029191355212 1
64 21 3.97029191355212 1
64 25 3.97029191355212 1
64 29 3.97029191355212 1
64 37 3.97029191355212 1
64 41 3.97029191355212 1
64 45 3.97029191355212 1
64 49 3.97029191355212 1
64 53 3.97029191355212 1
64 57 3.97029191355212 1
64 61 3.97029191355212 1
64 65 3.97029191355212 1
64 69 3.97029191355212 1
64 73 3.97029191355212 1
64 77 3.97029191355212 1
64 81 3.97029191355212 1
64 85 3.97029191355212 1
64 89 3.97029191355212 1
64 93 3.97029191355212 1
64 97 3.97029191355212 1
64 101 3.97029191355212 1
64 105 3.97029191355212 1
64 109 3.97029191355212 1
64 113 3.97029191355212 1
64 117 3.97029191355212 1
64 121 3.97029191355212 1
64 125 3.97029191355212 1
64 129 3.97029191355212 1
64 133 3.97029191355212 1
64 137 3.97029191355212 1
64 141 3.97029191355212 1
64 145 3.97029191355212 1
64 149 3.97029191355212 1
64 153 3.97029191355212 1
64 157 3.97029191355212 1
64 161 3.97029191355212 1
64 165 3.97029191355212 1
64 169 3.97029191355212 1
64 173 3.97029191355212 1
64 177 3.97029191355212 1
64 181 3.97029191355212 1
64 185 3.97029191355212 1
64 189 3.97029191355212 1
64 193 3.97029191355212 1
64 197 3.97029191355212 1
64 201 3.97029191355212 1
64 205 3.97029191355212 1
64 209 3.97029191355212 1
65 65 0.36846040618739 0
65 66 1.17700148913847 0
66 66 0.252573906805391 0
66 67 1.49968167214535 0
67 67 0.510993137795682 0
67 68 0.916039263494978 0
68 1 3.97029191355212 1
68 5 3.97029191355212 1
68 9 3.97029191355212 1
68 13 3.97029191355212 1
68 17 3.97029191355212 1
68 21 3.97029191355212 1
68 25 3.97029191355212 1
68 29 3.97029191355212 1
68 37 3.97029191355212 1
68 41 3.97029191355212 1
68 45 3.97029191355212 1
68 49 3.97029191355212 1
68 53 3.97029191355212 1
68 57 3.97029191355212 1
68 61 3.97029191355212 1
68 65 3.97029191355212 1
68 69 3.97029191355212 1
68 73 3.97029191355212 1
68 77 3.97029191355212 1
68 81 3.97029191355212 1
68 85 3.97029191355212 1
68 89 3.97029191355212 1
68 93 3.97029191355212 1
68 97 3.97029191355212 1
68 101 3.97029191355212 1
68 105 3.97029191355212 1
68 109 3.97029191355212 1
68 113 3.97029191355212 1
68 117 3.97029191355212 1
68 121 3.97029191355212 1
68 125 3.97029191355212 1
68 129 3.97029191355212 1
68 133 3.97029191355212 1
68 137 3.97029191355212 1
68 141 3.97029191355212 1
68 145 3.97029191355212 1
68 149 3.97029191355212 1
68 153 3.97029191355212 1
68 157 3.97029191355212 1
68 161 3.97029191355212 1
68 165 3.97029191355212 1
68 169 3.97029191355212 1
68 173 3.97029191355212 1
68 177 3.97029191355212 1
68 181 3.97029191355212 1
68 185 3.97029191355212 1
68 189 3.97029191355212 1
68 193 3.97029191355212 1
68 197 3.97029191355212 1
68 201 3.97029191355212 1
68 205 3.97029191355212 1
68 209 3.97029191355212 1
69 69 0.447495175805056 0
69 70 1.01950715884489 0
70 70 0.14845847785834 0
70 71 1.9807603229446 0
71 71 0.312320589838658 0
71 72 1.31582434115413 0
72 1 3.97029191355212 1
72 5 3.97029191355212 1
72 9 3.97029191355212 1
72 13 3.97029191355212 1
72 17 3.97029191355212 1
72 21 3.97029191355212 1
72 25 3.97029191355212 1
72 29 3.97029191355212 1
72 37 3.97029191355212 1
72 41 3.97029191355212 1
72 45 3.97029191355212 1
72 49 3.97029191355212 1
72 53 3.97029191355212 1
72 57 3.97029191355212 1
72 61 3.97029191355212 1
72 65 3.97029191355212 1
72 69 3.97029191355212 1
72 73 3.97029191355212 1
72 77 3.97029191355212 1
72 81 3.97029191355212 1
72 85 3.97029191355212 1
72 89 3.97029191355212 1
72 93 3.97029191355212 1
72 97 3.97029191355212 1
72 101 3.97029191355212 1
72 105 3.97029191355212 1
72 109 3.97029191355212 1
72 113 3.97029191355212 1
72 117 3.97029191355212 1
72 121 3.97029191355212 1
72 125 3.97029191355212 1
72 129 3.97029191355212 1
72 133 3.97029191355212 1
72 137 3.97029191355212 1
72 141 3.97029191355212 1
72 145 3.97029191355212 1
72 149 3.97029191355212 1
72 153 3.97029191355212 1
72 157 3.97029191355212 1
72 161 3.97029191355212 1
72 165 3.97029191355212 1
72 169 3.97029191355212 1
72 173 3.97029191355212 1
72 177 3.97029191355212 1
72 181 3.97029191355212 1
72 185 3.97029191355212 1
72 189 3.97029191355212 1
72 193 3.97029191355212 1
72 197 3.97029191355212 1
72 201 3.97029191355212 1
72 205 3.97029191355212 1
72 209 3.97029191355212 1
73 73 0.712327757369652 0
73 74 0.67432758530108 0
74 74 0.519903705139364 0
74 75 0.902826285733408 0
75 75 0.73201026167119 0
75 76 0.65573830009235 0
76 1 3.97029191355212 1
76 5 3.97029191355212 1
76 9 3.97029191355212 1
76 13 3.97029191355212 1
76 17 3.97029191355212 1
76 21 3.97029191355212 1
76 25 3.97029191355212 1
76 29 3.97029191355212 1
76 37 3.97029191355212 1
76 41 3.97029191355212 1
76 45 3.97029191355212 1
76 49 3.97029191355212 1
76 53 3.97029191355212 1
76 57 3.97029191355212 1
76 61 3.97029191355212 1
76 65 3.97029191355212 1
76 69 3.97029191355212 1
76 73 3.97029191355212 1
76 77 3.97029191355212 1
76 81 3.97029191355212 1
76 85 3.97029191355212 1
76 89 3.97029191355212 1
76 93 3.97029191355212 1
76 97 3.97029191355212 1
76 101 3.97029191355212 1
76 105 3.97029191355212 1
76 109 3.97029191355212 1
76 113 3.97029191355212 1
76 117 3.97029191355212 1
76 121 3.97029191355212 1
76 125 3.97029191355212 1
76 129 3.97029191355212 1
76 133 3.97029191355212 1
76 137 3.97029191355212 1
76 141 3.97029191355212 1
76 145 3.97029191355212 1
76 149 3.97029191355212 1
76 153 3.97029191355212 1
76 157 3.97029191355212 1
76 161 3.97029191355212 1
76 165 3.97029191355212 1
76 169 3.97029191355212 1
76 173 3.97029191355212 1
76 177 3.97029191355212 1
76 181 3.97029191355212 1
76 185 3.97029191355212 1
76 189 3.97029191355212 1
76 193 3.97029191355212 1
76 197 3.97029191355212 1
76 201 3.97029191355212 1
76 205 3.97029191355212 1
76 209 3.97029191355212 1
77 77 0.603771118310258 0
77 78 0.791302383607615 0
78 78 0.414903358596865 0
78 79 1.07999889764492 0
79 79 0.792586814837318 0
79 80 0.602707570017271 0
80 1 3.97029191355212 1
80 5 3.97029191355212 1
80 9 3.97029191355212 1
80 13 3.97029191355212 1
80 17 3.97029191355212 1
80 21 3.97029191355212 1
80 25 3.97029191355212 1
80 29 3.97029191355212 1
80 37 3.97029191355212 1
80 41 3.97029191355212 1
80 45 3.97029191355212 1
80 49 3.97029191355212 1
80 53 3.97029191355212 1
80 57 3.97029191355212 1
80 61 3.97029191355212 1
80 65 3.97029191355212 1
80 69 3.97029191355212 1
80 73 3.97029191355212 1
80 77 3.97029191355212 1
80 81 3.97029191355212 1
80 85 3.97029191355212 1
80 89 3.97029191355212 1
80 93 3.97029191355212 1
80 97 3.97029191355212 1
80 101 3.97029191355212 1
80 105 3.97029191355212 1
80 109 3.97029191355212 1
80 113 3.97029191355212 1
80 117 3.97029191355212 1
80 121 3.97029191355212 1
80 125 3.97029191355212 1
80 129 3.97029191355212 1
80 133 3.97029191355212 1
80 137 3.97029191355212 1
80 141 3.97029191355212 1
80 145 3.97029191355212 1
80 149 3.97029191355212 1
80 153 3.97029191355212 1
80 157 3.97029191355212 1
80 161 3.97029191355212 1
80 165 3.97029191355212 1
80 169 3.97029191355212 1
80 173 3.97029191355212 1
80 177 3.97029191355212 1
80 181 3.97029191355212 1
80 185 3.97029191355212 1
80 189 3.97029191355212 1
80 193 3.97029191355212 1
80 197 3.97029191355212 1
80 201 3.97029191355212 1
80 205 3.97029191355212 1
80 209 3.97029191355212 1
81 81 0.369287289095802 0
81 82 1.17514825216254 0
82 82 0.12493099656873 0
82 83 2.14180898132136 0
83 83 0.296177926902097 0
83 84 1.36123147562558 0
84 1 3.97029191355212 1
84 5 3.97029191355212 1
84 9 3.97029191355212 1
84 13 3.97029191355212 1
84 17 3.97029191355212 1
84 21 3.97029191355212 1
84 25 3.97029191355212 1
84 29 3.97029191355212 1
84 37 3.97029191355212 1
84 41 3.97029191355212 1
84 45 3.97029191355212 1
84 49 3.97029191355212 1
84 53 3.97029191355212 1
84 57 3.97029191355212 1
84 61 3.97029191355212 1
84 65 3.97029191355212 1
84 69 3.97029191355212 1
84 73 3.97029191355212 1
84 77 3.97029191355212 1
84 81 3.97029191355212 1
84 85 3.97029191355212 1
84 89 3.97029191355212 1
84 93 3.97029191355212 1
84 97 3.97029191355212 1
84 101 3.97029191355212 1
84 105 3.97029191355212 1
84 109 3.97029191355212 1
84 113 3.97029191355212 1
84 117 3.97029191355212 1
84 121 3.97029191355212 1
84 125 3.97029191355212 1
84 129 3.97029191355212 1
84 133 3.97029191355212 1
84 137 3.97029191355212 1
84 141 3.97029191355212 1
84 145 3.97029191355212 1
84 149 3.97029191355212 1
84 153 3.97029191355212 1
84 157 3.97029191355212 1
84 161 3.97029191355212 1
84 165 3.97029191355212 1
84 169 3.97029191355212 1
84 173 3.97029191355212 1
84 177 3.97029191355212 1
84 181 3.97029191355212 1
84 185 3.97029191355212 1
84 189 3.97029191355212 1
84 193 3.97029191355212 1
84 197 3.97029191355212 1
84 201 3.97029191355212 1
84 205 3.97029191355212 1
84 209 3.97029191355212 1
85 85 0.461338401011052 0
85 86 0.995440276036999 0
86 86 0.137107493543779 0
86 87 2.05476063647507 0
87 87 0.223406710937666 0
87 88 1.60838596592389 0
88 1 3.97029191355212 1
88 5 3.97029191355212 1
88 9 3.97029191355212 1
88 13 3.97029191355212 1
88 17 3.97029191355212 1
88 21 3.97029191355212 1
88 25 3.97029191355212 1
88 29 3.97029191355212 1
88 37 3.97029191355212 1
88 41 3.97029191355212 1
88 45 3.97029191355212 1
88 49 3.97029191355212 1
88 53 3.97029191355212 1
88 57 3.97029191355212 1
88 61 3.97029191355212 1
88 65 3.97029191355212 1
88 69 3.97029191355212 1
88 73 3.97029191355212 1
88 77 3.97029191355212 1
88 81 3.97029191355212 1
88 85 3.97029191355212 1
88 89 3.97029191355212 1
88 93 3.97029191355212 1
88 97 3.97029191355212 1
88 101 3.97029191355212 1
88 105 3.97029191355212 1
88 109 3.97029191355212 1
88 113 3.97029191355212 1
88 117 3.97029191355212 1
88 121 3.97029191355212 1
88 125 3.97029191355212 1
88 129 3.97029191355212 1
88 133 3.97029191355212 1
88 137 3.97029191355212 1
88 141 3.97029191355212 1
88 145 3.97029191355212 1
88 149 3.97029191355212 1
88 153 3.97029191355212 1
88 157 3.97029191355212 1
88 161 3.97029191355212 1
88 165 3.97029191355212 1
88 169 3.97029191355212 1
88 173 3.97029191355212 1
88 177 3.97029191355212 1
88 181 3.97029191355212 1
88 185 3.97029191355212 1
88 189 3.97029191355212 1
88 193 3.97029191355212 1
88 197 3.97029191355212 1
88 201 3.97029191355212 1
88 205 3.97029191355212 1
88 209 3.97029191355212 1
89 89 0.343439491672572 0
89 90 1.23555429081474 0
90 90 0.330375817604832 0
90 91 1.26816862863522 0
91 91 0.875555541121238 0
91 92 0.538934674072566 0
92 1 3.97029191355212 1
92 5 3.97029191355212 1
92 9 3.97029191355212 1
92 13 3.97029191355212 1
92 17 3.97029191355212 1
92 21 3.97029191355212 1
92 25 3.97029191355212 1
92 29 3.97029191355212 1
92 37 3.97029191355212 1
92 41 3.97029191355212 1
92 45 3.97029191355212 1
92 49 3.97029191355212 1
92 53 3.97029191355212 1
92 57 3.97029191355212 1
92 61 3.97029191355212 1
92 65 3.97029191355212 1
92 69 3.97029191355212 1
92 73 3.97029191355212 1
92 77 3.97029191355212 1
92 81 3.97029191355212 1
92 85 3.97029191355212 1
92 89 3.97029191355212 1
92 93 3.97029191355212 1
92 97 3.97029191355212 1
92 101 3.97029191355212 1
92 105 3.97029191355212 1
92 109 3.97029191355212 1
92 113 3.97029191355212 1
92 117 3.97029191355212 1
92 121 3.97029191355212 1
92 125 3.97029191355212 1
92 129 3.97029191355212 1
92 133 3.97029191355212 1
92 137 3.97029191355212 1
92 141 3.97029191355212 1
92 145 3.97029191355212 1
92 149 3.97029191355212 1
92 153 3.97029191355212 1
92 157 3.97029191355212 1
92 161 3.97029191355212 1
92 165 3.97029191355212 1
92 169 3.97029191355212 1
92 173 3.97029191355212 1
92 177 3.97029191355212 1
92 181 3.97029191355212 1
92 185 3.97029191355212 1
92 189 3.97029191355212 1
92 193 3.97029191355212 1
92 197 3.97029191355212 1
92 201 3.97029191355212 1
92 205 3.97029191355212 1
92 209 3.97029191355212 1
93 93 0.420430990337144 0
93 94 1.06933614773073 0
94 94 0.154586941642274 0
94 95 1.94329656743718 0
95 95 0.266650396823454 0
95 96 1.45218163141082 0
96 1 3.97029191355212 1
96 5 3.97029191355212 1
96 9 3.97029191355212 1
96 13 3.97029191355212 1
96 17 3.97029191355212 1
96 21 3.97029191355212 1
96 25 3.97029191355212 1
96 29 3.97029191355212 1
96 37 3.97029191355212 1
96 41 3.97029191355212 1
96 45 3.97029191355212 1
96 49 3.97029191355212 1
96 53 3.97029191355212 1
96 57 3.97029191355212 1
96 61 3.97029191355212 1
96 65 3.97029191355212 1
96 69 3.97029191355212 1
96 73 3.97029191355212 1
96 77 3.97029191355212 1
96 81 3.97029191355212 1
96 85 3.97029191355212 1
96 89 3.97029191355212 1
96 93 3.97029191355212 1
96 97 3.97029191355212 1
96 101 3.97029191355212 1
96 105 3.97029191355212 1
96 109 3.97029191355212 1
96 113 3.97029191355212 1
96 117 3.97029191355212 1
96 121 3.97029191355212 1
96 125 3.97029191355212 1
96 129 3.97029191355212 1
96 133 3.97029191355212 1
96 137 3.97029191355212 1
96 141 3.97029191355212 1
96 145 3.97029191355212 1
96 149 3.97029191355212 1
96 153 3.97029191355212 1
96 157 3.97029191355212 1
96 161 3.97029191355212 1
96 165 3.97029191355212 1
96 169 3.97029191355212 1
96 173 3.97029191355212 1
96 177 3.97029191355212 1
96 181 3.97029191355212 1
96 185 3.97029191355212 1
96 189 3.97029191355212 1
96 193 3.97029191355212 1
96 197 3.97029191355212 1
96 201 3.97029191355212 1
96 205 3.97029191355212 1
96 209 3.97029191355212 1
97 97 0.241788798633061 0
97 98 1.53815034244941 0
98 98 0.258055052472394 0
98 99 1.4808367157774 0
99 99 0.669068414871624 0
99 100 0.717820068344852 0
100 1 3.97029191355212 1
100 5 3.97029191355212 1
100 9 3.97029191355212 1
100 13 3.97029191355212 1
100 17 3.97029191355212 1
100 21 3.97029191355212 1
100 25 3.97029191355212 1
100 29 3.97029191355212 1
100 37 3.97029191355212 1
100 41 3.97029191355212 1
100 45 3.97029191355212 1
100 49 3.97029191355212 1
100 53 3.97029191355212 1
100 57 3.97029191355212 1
100 61 3.97029191355212 1
100 65 3.97029191355212 1
100 69 3.97029191355212 1
100 73 3.97029191355212 1
100 77 3.97029191355212 1
100 81 3.97029191355212 1
100 85 3.97029191355212 1
100 89 3.97029191355212 1
100 93 3.97029191355212 1
100 97 3.97029191355212 1
100 101 3.97029191355212 1
100 105 3.97029191355212 1
100 109 3.97029191355212 1
100 113 3.97029191355212 1
100 117 3.97029191355212 1
100 121 3.97029191355212 1
100 125 3.97029191355212 1
100 129 3.97029191355212 1
100 133 3.97029191355212 1
100 137 3.97029191355212 1
100 141 3.97029191355212 1
100 145 3.97029191355212 1
100 149 3.97029191355212 1
100 153 3.97029191355212 1
100 157 3.97029191355212 1
100 161 3.97029191355212 1
100 165 3.97029191355212 1
100 169 3.97029191355212 1
100 173 3.97029191355212 1
100 177 3.97029191355212 1
100 181 3.97029191355212 1
100 185 3.97029191355212 1
100 189 3.97029191355212 1
100 193 3.97029191355212 1
100 197 3.97029191355212 1
100 201 3.97029191355212 1
100 205 3.97029191355212 1
100 209 3.97029191355212 1
101 101 0.551579912245018 0
101 102 0.858113573242054 0
102 102 0.268356160073293 0
102 103 1.44661947779247 0
103 103 0.646622246755329 0
103 104 0.741942754744011 0
104 1 3.97029191355212 1
104 5 3.97029191355212 1
104 9 3.97029191355212 1
104 13 3.97029191355212 1
104 17 3.97029191355212 1
104 21 3.97029191355212 1
104 25 3.97029191355212 1
104 29 3.97029191355212 1
104 37 3.97029191355212 1
104 41 3.97029191355212 1
104 45 3.97029191355212 1
104 49 3.97029191355212 1
104 53 3.97029191355212 1
104 57 3.97029191355212 1
104 61 3.97029191355212 1
104 65 3.97029191355212 1
104 69 3.97029191355212 1
104 73 3.97029191355212 1
104 77 3.97029191355212 1
104 81 3.97029191355212 1
104 85 3.97029191355212 1
104 89 3.97029191355212 1
104 93 3.97029191355212 1
104 97 3.97029191355212 1
104 101 3.97029191355212 1
104 105 3.97029191355212 1
104 109 3.97029191355212 1
104 113 3.97029191355212 1
104 117 3.97029191355212 1
104 121 3.97029191355212 1
104 125 3.97029191355212 1
104 129 3.97029191355212 1
104 133 3.97029191355212 1
104 137 3.97029191355212 1
104 141 3.97029191355212 1
104 145 3.97029191355212 1
104 149 3.97029191355212 1
104 153 3.97029191355212 1
104 157 3.97029191355212 1
104 161 3.97029191355212 1
104 165 3.97029191355212 1
104 169 3.97029191355212 1
104 173 3.97029191355212 1
104 177 3.97029191355212 1
104 181 3.97029191355212 1
104 185 3.97029191355212 1
104 189 3.97029191355212 1
104 193 3.97029191355212 1
104 197 3.97029191355212 1
104 201 3.97029191355212 1
104 205 3.97029191355212 1
104 209 3.97029191355212 1
105 105 0.454224142762125 0
105 106 1.0076949249863 0
106 106 0.136551720655168 0
106 107 2.05855087905784 0
107 107 0.29145705540917 0
107 108 1.37505416942569 0
108 1 3.97029191355212 1
108 5 3.97029191355212 1
108 9 3.97029191355212 1
108 13 3.97029191355212 1
108 17 3.97029191355212 1
108 21 3.97029191355212 1
108 25 3.97029191355212 1
108 29 3.97029191355212 1
108 37 3.97029191355212 1
108 41 3.97029191355212 1
108 45 3.97029191355212 1
108 49 3.97029191355212 1
108 53 3.97029191355212 1
108 57 3.97029191355212 1
108 61 3.97029191355212 1
108 65 3.97029191355212 1
108 69 3.97029191355212 1
108 73 3.97029191355212 1
108 77 3.97029191355212 1
108 81 3.97029191355212 1
108 85 3.97029191355212 1
108 89 3.97029191355212 1
108 93 3.97029191355212 1
108 97 3.97029191355212 1
108 101 3.97029191355212 1
108 105 3.97029191355212 1
108 109 3.97029191355212 1
108 113 3.97029191355212 1
108 117 3.97029191355212 1
108 121 3.97029191355212 1
108 125 3.97029191355212 1
108 129 3.97029191355212 1
108 133 3.97029191355212 1
108 137 3.97029191355212 1
108 141 3.97029191355212 1
108 145 3.97029191355212 1
108 149 3.97029191355212 1
108 153 3.97029191355212 1
108 157 3.97029191355212 1
108 161 3.97029191355212 1
108 165 3.97029191355212 1
108 169 3.97029191355212 1
108 173 3.97029191355212 1
108 177 3.97029191355212 1
108 181 3.97029191355212 1
108 185 3.97029191355212 1
108 189 3.97029191355212 1
108 193 3.97029191355212 1
108 197 3.97029191355212 1
108 201 3.97029191355212 1
108 205 3.97029191355212 1
108 209 3.97029191355212 1
109 109 0.870615652642965 0
109 110 0.542477466556165 0
110 110 2.3121429238854 0
110 111 0.104304073888994 0
111 111 0.80709400887798 0
111 112 0.590866081442058 0
112 1 3.97029191355212 1
112 5 3.97029191355212 1
112 9 3.97029191355212 1
112 13 3.97029191355212 1
112 17 3.97029191355212 1
112 21 3.97029191355212 1
112 25 3.97029191355212 1
112 29 3.97029191355212 1
112 37 3.97029191355212 1
112 41 3.97029191355212 1
112 45 3.97029191355212 1
112 49 3.97029191355212 1
112 53 3.97029191355212 1
112 57 3.97029191355212 1
112 61 3.97029191355212 1
112 65 3.97029191355212 1
112 69 3.97029191355212 1
112 73 3.97029191355212 1
112 77 3.97029191355212 1
112 81 3.97029191355212 1
112 85 3.97029191355212 1
112 89 3.97029191355212 1
112 93 3.97029191355212 1
112 97 3.97029191355212 1
112 101 3.97029191355212 1
112 105 3.97029191355212 1
112 109 3.97029191355212 1
112 113 3.97029191355212 1
112 117 3.97029191355212 1
112 121 3.97029191355212 1
112 125 3.97029191355212 1
112 129 3.97029191355212 1
112 133 3.97029191355212 1
112 137 3.97029191355212 1
112 141 3.97029191355212 1
112 145 3.97029191355212 1
112 149 3.97029191355212 1
112 153 3.97029191355212 1
112 157 3.97029191355212 1
112 161 3.97029191355212 1
112 165 3.97029191355212 1
112 169 3.97029191355212 1
112 173 3.97029191355212 1
112 177 3.97029191355212 1
112 181 3.97029191355212 1
112 185 3.97029191355212 1
112 189 3.97029191355212 1
112 193 3.97029191355212 1
112 197 3.97029191355212 1
112 201 3.97029191355212 1
112 205 3.97029191355212 1
112 209 3.97029191355212 1
113 113 0.603922205387552 0
113 114 0.791120162477137 0
114 114 0.396271945022295 0
114 115 1.11725610963976 0
115 115 0.801388954168912 0
115 116 0.5954859484644 0
116 1 3.97029191355212 1
116 5 3.97029191355212 1
116 9 3.97029191355212 1
116 13 3.97029191355212 1
116 17 3.97029191355212 1
116 21 3.97029191355212 1
116 25 3.97029191355212 1
116 29 3.97029191355212 1
116 37 3.97029191355212 1
116 41 3.97029191355212 1
116 45 3.97029191355212 1
116 49 3.97029191355212 1
116 53 3.97029191355212 1
116 57 3.97029191355212 1
116 61 3.97029191355212 1
116 65 3.97029191355212 1
116 69 3.97029191355212 1
116 73 3.97029191355212 1
116 77 3.97029191355212 1
116 81 3.97029191355212 1
116 85 3.97029191355212 1
116 89 3.97029191355212 1
116 93 3.97029191355212 1
116 97 3.97029191355212 1
116 101 3.97029191355212 1
116 105 3.97029191355212 1
116 109 3.97029191355212 1
116 113 3.97029191355212 1
116 117 3.97029191355212 1
116 121 3.97029191355212 1
116 125 3.97029191355212 1
116 129 3.97029191355212 1
116 133 3.97029191355212 1
116 137 3.97029191355212 1
116 141 3.97029191355212 1
116 145 3.97029191355212 1
116 149 3.97029191355212 1
116 153 3.97029191355212 1
116 157 3.97029191355212 1
116 161 3.97029191355212 1
116 165 3.97029191355212 1
116 169 3.97029191355212 1
116 173 3.97029191355212 1
116 177 3.97029191355212 1
116 181 3.97029191355212 1
116 185 3.97029191355212 1
116 189 3.97029191355212 1
116 193 3.97029191355212 1
116 197 3.97029191355212 1
116 201 3.97029191355212 1
116 205 3.97029191355212 1
116 209 3.97029191355212 1
117 117 0.732398326176289 0
117 118 0.655378675196307 0
118 118 0.255703546382956 0
118 119 1.48886543754993 0
119 119 0.520050038160277 0
119 120 0.902611717644582 0
120 1 3.97029191355212 1
120 5 3.97029191355212 1
120 9 3.97029191355212 1
120 13 3.97029191355212 1
120 17 3.97029191355212 1
120 21 3.97029191355212 1
120 25 3.97029191355212 1
120 29 3.97029191355212 1
120 37 3.97029191355212 1
120 41 3.97029191355212 1
120 45 3.97029191355212 1
120 49 3.97029191355212 1
120 53 3.97029191355212 1
120 57 3.97029191355212 1
120 61 3.97029191355212 1
120 65 3.97029191355212 1
120 69 3.97029191355212 1
120 73 3.97029191355212 1
120 77 3.97029191355212 1
120 81 3.97029191355212 1
120 85 3.97029191355212 1
120 89 3.97029191355212 1
120 93 3.97029191355212 1
120 97 3.97029191355212 1
120 101 3.97029191355212 1
120 105 3.97029191355212 1
120 109 3.97029191355212 1
120 113 3.97029191355212 1
120 117 3.97029191355212 1
120 121 3.97029191355212 1
120 125 3.97029191355212 1
120 129 3.97029191355212 1
120 133 3.97029191355212 1
120 137 3.97029191355212 1
120 141 3.97029191355212 1
120 145 3.97029191355212 1
120 149 3.97029191355212 1
120 153 3.97029191355212 1
120 157 3.97029191355212 1
120 161 3.97029191355212 1
120 165 3.97029191355212 1
120 169 3.97029191355212 1
120 173 3.97029191355212 1
120 177 3.97029191355212 1
120 181 3.97029191355212 1
120 185 3.97029191355212 1
120 189 3.97029191355212 1
120 193 3.97029191355212 1
120 197 3.97029191355212 1
120 201 3.97029191355212 1
120 205 3.97029191355212 1
120 209 3.97029191355212 1
121 121 0.520528208644061 0
121 122 0.901911362323077 0
122 122 0.229578335200467 0
122 123 1.58410501706363 0
123 123 0.415986009205581 0
123 124 1.07789684282346 0
124 1 3.97029191355212 1
124 5 3.97029191355212 1
124 9 3.97029191355212 1
124 13 3.97029191355212 1
124 17 3.97029191355212 1
124 21 3.97029191355212 1
124 25 3.97029191355212 1
124 29 3.97029191355212 1
124 37 3.97029191355212 1
124 41 3.97029191355212 1
124 45 3.97029191355212 1
124 49 3.97029191355212 1
124 53 3.97029191355212 1
124 57 3.97029191355212 1
124 61 3.97029191355212 1
124 65 3.97029191355212 1
124 69 3.97029191355212 1
124 73 3.97029191355212 1
124 77 3.97029191355212 1
124 81 3.97029191355212 1
124 85 3.97029191355212 1
124 89 3.97029191355212 1
124 93 3.97029191355212 1
124 97 3.97029191355212 1
124 101 3.97029191355212 1
124 105 3.97029191355212 1
124 109 3.97029191355212 1
124 113 3.97029191355212 1
124 117 3.97029191355212 1
124 121 3.97029191355212 1
124 125 3.97029191355212 1
124 129 3.97029191355212 1
124 133 3.97029191355212 1
124 137 3.97029191355212 1
124 141 3.97029191355212 1
124 145 3.97029191355212 1
124 149 3.97029191355212 1
124 153 3.97029191355212 1
124 157 3.97029191355212 1
124 161 3.97029191355212 1
124 165 3.97029191355212 1
124 169 3.97029191355212 1
124 173 3.97029191355212 1
124 177 3.97029191355212 1
124 181 3.97029191355212 1
124 185 3.97029191355212 1
124 189 3.97029191355212 1
124 193 3.97029191355212 1
124 197 3.97029191355212 1
124 201 3.97029191355212 1
124 205 3.97029191355212 1
124 209 3.97029191355212 1
125 125 0.409835393910711 0
125 126 1.08992860125331 0
126 126 0.120926822178753 0
126 127 2.17242387302699 0
127 127 0.268350928835585 0
127 128 1.44663647284606 0
128 1 3.97029191355212 1
128 5 3.97029191355212 1
128 9 3.97029191355212 1
128 13 3.97029191355212 1
128 17 3.97029191355212 1
128 21 3.97029191355212 1
128 25 3.97029191355212 1
128 29 3.97029191355212 1
128 37 3.97029191355212 1
128 41 3.97029191355212 1
128 45 3.97029191355212 1
128 49 3.97029191355212 1
128 53 3.97029191355212 1
128 57 3.97029191355212 1
128 61 3.97029191355212 1
128 65 3.97029191355212 1
128 69 3.97029191355212 1
128 73 3.97029191355212 1
128 77 3.97029191355212 1
128 81 3.97029191355212 1
128 85 3.97029191355212 1
128 89 3.97029191355212 1
128 93 3.97029191355212 1
128 97 3.97029191355212 1
128 101 3.97029191355212 1
128 105 3.97029191355212 1
128 109 3.97029191355212 1
128 113 3.97029191355212 1
128 117 3.97029191355212 1
128 121 3.97029191355212 1
128 125 3.97029191355212 1
128 129 3.97029191355212 1
128 133 3.97029191355212 1
128 137 3.97029191355212 1
128 141 3.97029191355212 1
128 145 3.97029191355212 1
128 149 3.97029191355212 1
128 153 3.97029191355212 1
128 157 3.97029191355212 1
128 161 3.97029191355212 1
128 165 3.97029191355212 1
128 169 3.97029191355212 1
128 173 3.97029191355212 1
128 177 3.97029191355212 1
128 181 3.97029191355212 1
128 185 3.97029191355212 1
128 189 3.97029191355212 1
128 193 3.97029191355212 1
128 197 3.97029191355212 1
128 201 3.97029191355212 1
128 205 3.97029191355212 1
128 209 3.97029191355212 1
129 129 0.329023090530352 0
129 130 1.27163227946676 0
130 130 0.127681792089535 0
130 131 2.12137582122646 0
131 131 0.235628920162715 0
131 132 1.56099876224382 0
132 1 3.97029191355212 1
132 5 3.97029191355212 1
132 9 3.97029191355212 1
132 13 3.97029191355212 1
132 17 3.97029191355212 1
132 21 3.97029191355212 1
132 25 3.97029191355212 1
132 29 3.97029191355212 1
132 37 3.97029191355212 1
132 41 3.97029191355212 1
132 45 3.97029191355212 1
132 49 3.97029191355212 1
132 53 3.97029191355212 1
132 57 3.97029191355212 1
132 61 3.97029191355212 1
132 65 3.97029191355212 1
132 69 3.97029191355212 1
132 73 3.97029191355212 1
132 77 3.97029191355212 1
132 81 3.97029191355212 1
132 85 3.97029191355212 1
132 89 3.97029191355212 1
132 93 3.97029191355212 1
132 97 3.97029191355212 1
132 101 3.97029191355212 1
132 105 3.97029191355212 1
132 109 3.97029191355212 1
132 113 3.97029191355212 1
132 117 3.97029191355212 1
132 121 3.97029191355212 1
132 125 3.97029191355212 1
132 129 3.97029191355212 1
132 133 3.97029191355212 1
132 137 3.97029191355212 1
132 141 3.97029191355212 1
132 145 3.97029191355212 1
132 149 3.97029191355212 1
132 153 3.97029191355212 1
132 157 3.97029191355212 1
132 161 3.97029191355212 1
132 165 3.97029191355212 1
132 169 3.97029191355212 1
132 173 3.97029191355212 1
132 177 3.97029191355212 1
132 181 3.97029191355212 1
132 185 3.97029191355212 1
132 189 3.97029191355212 1
132 193 3.97029191355212 1
132 197 3.97029191355212 1
132 201 3.97029191355212 1
132 205 3.97029191355212 1
132 209 3.97029191355212 1
133 133 0.337644883903364 0
133 134 1.24983735228703 0
134 134 1.13207672899433 0
134 135 0.389143532648641 0
135 135 0.954903969578015 0
135 136 0.485887675419239 0
136 1 3.97029191355212 1
136 5 3.97029191355212 1
136 9 3.97029191355212 1
136 13 3.97029191355212 1
136 17 3.97029191355212 1
136 21 3.97029191355212 1
136 25 3.97029191355212 1
136 29 3.97029191355212 1
136 37 3.97029191355212 1
136 41 3.97029191355212 1
136 45 3.97029191355212 1
136 49 3.97029191355212 1
136 53 3.97029191355212 1
136 57 3.97029191355212 1
136 61 3.97029191355212 1
136 65 3.97029191355212 1
136 69 3.97029191355212 1
136 73 3.97029191355212 1
136 77 3.97029191355212 1
136 81 3.97029191355212 1
136 85 3.97029191355212 1
136 89 3.97029191355212 1
136 93 3.97029191355212 1
136 97 3.97029191355212 1
136 101 3.97029191355212 1
136 105 3.97029191355212 1
136 109 3.97029191355212 1
136 113 3.97029191355212 1
136 117 3.97029191355212 1
136 121 3.97029191355212 1
136 125 3.97029191355212 1
136 129 3.97029191355212 1
136 133 3.97029191355212 1
136 137 3.97029191355212 1
136 141 3.97029191355212 1
136 145 3.97029191355212 1
136 149 3.97029191355212 1
136 153 3.97029191355212 1
136 157 3.97029191355212 1
136 161 3.97029191355212 1
136 165 3.97029191355212 1
136 169 3.97029191355212 1
136 173 3.97029191355212 1
136 177 3.97029191355212 1
136 181 3.97029191355212 1
136 185 3.97029191355212 1
136 189 3.97029191355212 1
136 193 3.97029191355212 1
136 197 3.97029191355212 1
136 201 3.97029191355212 1
136 205 3.97029191355212 1
136 209 3.97029191355212 1
137 137 0.51431553977814 0
137 138 0.911078588722281 0
138 138 0.227948451380213 0
138 139 1.59044590772129 0
139 139 0.42201607279401 0
139 140 1.06631016539638 0
140 1 3.97029191355212 1
140 5 3.97029191355212 1
140 9 3.97029191355212 1
140 13 3.97029191355212 1
140 17 3.97029191355212 1
140 21 3.97029191355212 1
140 25 3.97029191355212 1
140 29 3.97029191355212 1
140 37 3.97029191355212 1
140 41 3.97029191355212 1
140 45 3.97029191355212 1
140 49 3.97029191355212 1
140 53 3.97029191355212 1
140 57 3.97029191355212 1
140 61 3.97029191355212 1
140 65 3.97029191355212 1
140 69 3.97029191355212 1
140 73 3.97029191355212 1
140 77 3.97029191355212 1
140 81 3.97029191355212 1
140 85 3.97029191355212 1
140 89 3.97029191355212 1
140 93 3.97029191355212 1
140 97 3.97029191355212 1
140 101 3.97029191355212 1
140 105 3.97029191355212 1
140 109 3.97029191355212 1
140 113 3.97029191355212 1
140 117 3.97029191355212 1
140 121 3.97029191355212 1
140 125 3.97029191355212 1
140 129 3.97029191355212 1
140 133 3.97029191355212 1
140 137 3.97029191355212 1
140 141 3.97029191355212 1
140 145 3.97029191355212 1
140 149 3.97029191355212 1
140 153 3.97029191355212 1
140 157 3.97029191355212 1
140 161 3.97029191355212 1
140 165 3.97029191355212 1
140 169 3.97029191355212 1
140 173 3.97029191355212 1
140 177 3.97029191355212 1
140 181 3.97029191355212 1
140 185 3.97029191355212 1
140 189 3.97029191355212 1
140 193 3.97029191355212 1
140 197 3.97029191355212 1
140 201 3.97029191355212 1
140 205 3.97029191355212 1
140 209 3.97029191355212 1
141 141 0.389331704186369 0
141 142 1.13168160054453 0
142 142 0.565535449610515 0
142 143 0.839459097258837 0
143 143 0.302675649787481 0
143 144 1.3426170548847 0
144 1 3.97029191355212 1
144 5 3.97029191355212 1
144 9 3.97029191355212 1
144 13 3.97029191355212 1
144 17 3.97029191355212 1
144 21 3.97029191355212 1
144 25 3.97029191355212 1
144 29 3.97029191355212 1
144 37 3.97029191355212 1
144 41 3.97029191355212 1
144 45 3.97029191355212 1
144 49 3.97029191355212 1
144 53 3.97029191355212 1
144 57 3.97029191355212 1
144 61 3.97029191355212 1
144 65 3.97029191355212 1
144 69 3.97029191355212 1
144 73 3.97029191355212 1
144 77 3.97029191355212 1
144 81 3.97029191355212 1
144 85 3.97029191355212 1
144 89 3.97029191355212 1
144 93 3.97029191355212 1
144 97 3.97029191355212 1
144 101 3.97029191355212 1
144 105 3.97029191355212 1
144 109 3.97029191355212 1
144 113 3.97029191355212 1
144 117 3.97029191355212 1
144 121 3.97029191355212 1
144 125 3.97029191355212 1
144 129 3.97029191355212 1
144 133 3.97029191355212 1
144 137 3.97029191355212 1
144 141 3.97029191355212 1
144 145 3.97029191355212 1
144 149 3.97029191355212 1
144 153 3.97029191355212 1
144 157 3.97029191355212 1
144 161 3.97029191355212 1
144 165 3.97029191355212 1
144 169 3.97029191355212 1
144 173 3.97029191355212 1
144 177 3.97029191355212 1
144 181 3.97029191355212 1
144 185 3.97029191355212 1
144 189 3.97029191355212 1
144 193 3.97029191355212 1
144 197 3.97029191355212 1
144 201 3.97029191355212 1
144 205 3.97029191355212 1
144 209 3.97029191355212 1
145 145 0.310866499592469 0
145 146 1.31980162570349 0
146 146 0.212694706126102 0
146 147 1.6523605492593 0
147 147 0.442592529725728 0
147 148 1.02825327078424 0
148 1 3.97029191355212 1
148 5 3.97029191355212 1
148 9 3.97029191355212 1
148 13 3.97029191355212 1
148 17 3.97029191355212 1
148 21 3.97029191355212 1
148 25 3.97029191355212 1
148 29 3.97029191355212 1
148 37 3.97029191355212 1
148 41 3.97029191355212 1
148 45 3.97029191355212 1
148 49 3.97029191355212 1
148 53 3.97029191355212 1
148 57 3.97029191355212 1
148 61 3.97029191355212 1
148 65 3.97029191355212 1
148 69 3.97029191355212 1
148 73 3.97029191355212 1
148 77 3.97029191355212 1
148 81 3.97029191355212 1
148 85 3.97029191355212 1
148 89 3.97029191355212 1
148 93 3.97029191355212 1
148 97 3.97029191355212 1
148 101 3.97029191355212 1
148 105 3.97029191355212 1
148 109 3.97029191355212 1
148 113 3.97029191355212 1
148 117 3.97029191355212 1
148 121 3.97029191355212 1
148 125 3.97029191355212 1
148 129 3.97029191355212 1
148 133 3.97029191355212 1
148 137 3.97029191355212 1
148 141 3.97029191355212 1
148 145 3.97029191355212 1
148 149 3.97029191355212 1
148 153 3.97029191355212 1
148 157 3.97029191355212 1
148 161 3.97029191355212 1
148 165 3.97029191355212 1
148 169 3.97029191355212 1
148 173 3.97029191355212 1
148 177 3.97029191355212 1
148 181 3.97029191355212 1
148 185 3.97029191355212 1
148 189 3.97029191355212 1
148 193 3.97029191355212 1
148 197 3.97029191355212 1
148 201 3.97029191355212 1
148 205 3.97029191355212 1
148 209 3.97029191355212 1
149 149 0.326525470130833 0
149 150 1.27807154575303 0
150 150 0.13284625595569 0
150 151 2.0842506871044 0
151 151 0.376843686818473 0
151 152 1.15843649964878 0
152 1 3.97029191355212 1
152 5 3.97029191355212 1
152 9 3.97029191355212 1
152 13 3.97029191355212 1
152 17 3.97029191355212 1
152 21 3.97029191355212 1
152 25 3.97029191355212 1
152 29 3.97029191355212 1
152 37 3.97029191355212 1
152 41 3.97029191355212 1
152 45 3.97029191355212 1
152 49 3.97029191355212 1
152 53 3.97029191355212 1
152 57 3.97029191355212 1
152 61 3.97029191355212 1
152 65 3.97029191355212 1
152 69 3.97029191355212 1
152 73 3.97029191355212 1
152 77 3.97029191355212 1
152 81 3.97029191355212 1
152 85 3.97029191355212 1
152 89 3.97029191355212 1
152 93 3.97029191355212 1
152 97 3.97029191355212 1
152 101 3.97029191355212 1
152 105 3.97029191355212 1
152 109 3.97029191355212 1
152 113 3.97029191355212 1
152 117 3.97029191355212 1
152 121 3.97029191355212 1
152 125 3.97029191355212 1
152 129 3.97029191355212 1
152 133 3.97029191355212 1
152 137 3.97029191355212 1
152 141 3.97029191355212 1
152 145 3.97029191355212 1
152 149 3.97029191355212 1
152 153 3.97029191355212 1
152 157 3.97029191355212 1
152 161 3.97029191355212 1
152 165 3.97029191355212 1
152 169 3.97029191355212 1
152 173 3.97029191355212 1
152 177 3.97029191355212 1
152 181 3.97029191355212 1
152 185 3.97029191355212 1
152 189 3.97029191355212 1
152 193 3.97029191355212 1
152 197 3.97029191355212 1
152 201 3.97029191355212 1
152 205 3.97029191355212 1
152 209 3.97029191355212 1
153 153 0.231949459768572 0
153 154 1.57496982127222 0
154 154 0.129281464945811 0
154 155 2.10970777809394 0
155 155 0.194832979244218 0
155 156 1.73144793171151 0
156 1 3.97029191355212 1
156 5 3.97029191355212 1
156 9 3.97029191355212 1
156 13 3.97029191355212 1
156 17 3.97029191355212 1
156 21 3.97029191355212 1
156 25 3.97029191355212 1
156 29 3.97029191355212 1
156 37 3.97029191355212 1
156 41 3.97029191355212 1
156 45 3.97029191355212 1
156 49 3.97029191355212 1
156 53 3.97029191355212 1
156 57 3.97029191355212 1
156 61 3.97029191355212 1
156 65 3.97029191355212 1
156 69 3.97029191355212 1
156 73 3.97029191355212 1
156 77 3.97029191355212 1
156 81 3.97029191355212 1
156 85 3.97029191355212 1
156 89 3.97029191355212 1
156 93 3.97029191355212 1
156 97 3.97029191355212 1
156 101 3.97029191355212 1
156 105 3.97029191355212 1
156 109 3.97029191355212 1
156 113 3.97029191355212 1
156 117 3.97029191355212 1
156 121 3.97029191355212 1
156 125 3.97029191355212 1
156 129 3.97029191355212 1
156 133 3.97029191355212 1
156 137 3.97029191355212 1
156 141 3.97029191355212 1
156 145 3.97029191355212 1
156 149 3.97029191355212 1
156 153 3.97029191355212 1
156 157 3.97029191355212 1
156 161 3.97029191355212 1
156 165 3.97029191355212 1
156 169 3.97029191355212 1
156 173 3.97029191355212 1
156 177 3.97029191355212 1
156 181 3.97029191355212 1
156 185 3.97029191355212 1
156 189 3.97029191355212 1
156 193 3.97029191355212 1
156 197 3.97029191355212 1
156 201 3.97029191355212 1
156 205 3.97029191355212 1
156 209 3.97029191355212 1
157 157 0.342376794263051 0
157 158 1.23815232566609 0
158 158 0.127009733520069 0
158 159 2.12632436597898 0
159 159 0.287719406482021 0
159 160 1.38618236739142 0
160 1 3.97029191355212 1
160 5 3.97029191355212 1
160 9 3.97029191355212 1
160 13 3.97029191355212 1
160 17 3.97029191355212 1
160 21 3.97029191355212 1
160 25 3.97029191355212 1
160 29 3.97029191355212 1
160 37 3.97029191355212 1
160 41 3.97029191355212 1
160 45 3.97029191355212 1
160 49 3.97029191355212 1
160 53 3.97029191355212 1
160 57 3.97029191355212 1
160 61 3.97029191355212 1
160 65 3.97029191355212 1
160 69 3.97029191355212 1
160 73 3.97029191355212 1
160 77 3.97029191355212 1
160 81 3.97029191355212 1
160 85 3.97029191355212 1
160 89 3.97029191355212 1
160 93 3.97029191355212 1
160 97 3.97029191355212 1
160 101 3.97029191355212 1
160 105 3.97029191355212 1
160 109 3.97029191355212 1
160 113 3.97029191355212 1
160 117 3.97029191355212 1
160 121 3.97029191355212 1
160 125 3.97029191355212 1
160 129 3.97029191355212 1
160 133 3.97029191355212 1
160 137 3.97029191355212 1
160 141 3.97029191355212 1
160 145 3.97029191355212 1
160 149 3.97029191355212 1
160 153 3.97029191355212 1
160 157 3.97029191355212 1
160 161 3.97029191355212 1
160 165 3.97029191355212 1
160 169 3.97029191355212 1
160 173 3.97029191355212 1
160 177 3.97029191355212 1
160 181 3.97029191355212 1
160 185 3.97029191355212 1
160 189 3.97029191355212 1
160 193 3.97029191355212 1
160 197 3.97029191355212 1
160 201 3.97029191355212 1
160 205 3.97029191355212 1
160 209 3.97029191355212 1
161 161 0.597480700601696 0
161 162 0.79894312433617 0
162 162 0.317412061344924 0
162 163 1.30206645439186 0
163 163 0.4061887698882 0
163 164 1.09716653427483 0
164 1 3.97029191355212 1
164 5 3.97029191355212 1
164 9 3.97029191355212 1
164 13 3.97029191355212 1
164 17 3.97029191355212 1
164 21 3.97029191355212 1
164 25 3.97029191355212 1
164 29 3.97029191355212 1
164 37 3.97029191355212 1
164 41 3.97029191355212 1
164 45 3.97029191355212 1
164 49 3.97029191355212 1
164 53 3.97029191355212 1
164 57 3.97029191355212 1
164 61 3.97029191355212 1
164 65 3.97029191355212 1
164 69 3.97029191355212 1
164 73 3.97029191355212 1
164 77 3.97029191355212 1
164 81 3.97029191355212 1
164 85 3.97029191355212 1
164 89 3.97029191355212 1
164 93 3.97029191355212 1
164 97 3.97029191355212 1
164 101 3.97029191355212 1
164 105 3.97029191355212 1
164 109 3.97029191355212 1
164 113 3.97029191355212 1
164 117 3.97029191355212 1
164 121 3.97029191355212 1
164 125 3.97029191355212 1
164 129 3.97029191355212 1
164 133 3.97029191355212 1
164 137 3.97029191355212 1
164 141 3.97029191355212 1
164 145 3.97029191355212 1
164 149 3.97029191355212 1
164 153 3.97029191355212 1
164 157 3.97029191355212 1
164 161 3.97029191355212 1
164 165 3.97029191355212 1
164 169 3.97029191355212 1
164 173 3.97029191355212 1
164 177 3.97029191355212 1
164 181 3.97029191355212 1
164 185 3.97029191355212 1
164 189 3.97029191355212 1
164 193 3.97029191355212 1
164 197 3.97029191355212 1
164 201 3.97029191355212 1
164 205 3.97029191355212 1
164 209 3.97029191355212 1
165 165 0.545310621475281 0
165 166 0.866695415736103 0
166 166 0.239829998945489 0
166 167 1.54534449033841 0
167 167 0.433545806283947 0
167 168 1.04471120751413 0
168 1 3.97029191355212 1
168 5 3.97029191355212 1
168 9 3.97029191355212 1
168 13 3.97029191355212 1
168 17 3.97029191355212 1
168 21 3.97029191355212 1
168 25 3.97029191355212 1
168 29 3.97029191355212 1
168 37 3.97029191355212 1
168 41 3.97029191355212 1
168 45 3.97029191355212 1
168 49 3.97029191355212 1
168 53 3.97029191355212 1
168 57 3.97029191355212 1
168 61 3.97029191355212 1
168 65 3.97029191355212 1
168 69 3.97029191355212 1
168 73 3.97029191355212 1
168 77 3.97029191355212 1
168 81 3.97029191355212 1
168 85 3.97029191355212 1
168 89 3.97029191355212 1
168 93 3.97029191355212 1
168 97 3.97029191355212 1
168 101 3.97029191355212 1
168 105 3.97029191355212 1
168 109 3.97029191355212 1
168 113 3.97029191355212 1
168 117 3.97029191355212 1
168 121 3.97029191355212 1
168 125 3.97029191355212 1
168 129 3.97029191355212 1
168 133 3.97029191355212 1
168 137 3.97029191355212 1
168 141 3.97029191355212 1
168 145 3.97029191355212 1
168 149 3.97029191355212 1
168 153 3.97029191355212 1
168 157 3.97029191355212 1
168 161 3.97029191355212 1
168 165 3.97029191355212 1
168 169 3.97029191355212 1
168 173 3.97029191355212 1
168 177 3.97029191355212 1
168 181 3.97029191355212 1
168 185 3.97029191355212 1
168 189 3.97029191355212 1
168 193 3.97029191355212 1
168 197 3.97029191355212 1
168 201 3.97029191355212 1
168 205 3.97029191355212 1
168 209 3.97029191355212 1
169 169 0.0921708825583671 0
169 170 2.42984226690129 0
170 170 0.312382361738285 0
170 171 1.31565548504206 0
171 171 0.113793641382328 0
171 172 2.22972597175868 0
172 1 3.97029191355212 1
172 5 3.97029191355212 1
172 9 3.97029191355212 1
172 13 3.97029191355212 1
172 17 3.97029191355212 1
172 21 3.97029191355212 1
172 25 3.97029191355212 1
172 29 3.97029191355212 1
172 37 3.97029191355212 1
172 41 3.97029191355212 1
172 45 3.97029191355212 1
172 49 3.97029191355212 1
172 53 3.97029191355212 1
172 57 3.97029191355212 1
172 61 3.97029191355212 1
172 65 3.97029191355212 1
172 69 3.97029191355212 1
172 73 3.97029191355212 1
172 77 3.97029191355212 1
172 81 3.97029191355212 1
172 85 3.97029191355212 1
172 89 3.97029191355212 1
172 93 3.97029191355212 1
172 97 3.97029191355212 1
172 101 3.97029191355212 1
172 105 3.97029191355212 1
172 109 3.97029191355212 1
172 113 3.97029191355212 1
172 117 3.97029191355212 1
172 121 3.97029191355212 1
172 125 3.97029191355212 1
172 129 3.97029191355212 1
172 133 3.97029191355212 1
172 137 3.97029191355212 1
172 141 3.97029191355212 1
172 145 3.97029191355212 1
172 149 3.97029191355212 1
172 153 3.97029191355212 1
172 157 3.97029191355212 1
172 161 3.97029191355212 1
172 165 3.97029191355212 1
172 169 3.97029191355212 1
172 173 3.97029191355212 1
172 177 3.97029191355212 1
172 181 3.97029191355212 1
172 185 3.97029191355212 1
172 189 3.97029191355212 1
172 193 3.97029191355212 1
172 197 3.97029191355212 1
172 201 3.97029191355212 1
172 205 3.97029191355212 1
172 209 3.97029191355212 1
173 173 0.237269352322633 0
173 174 1.55484935339977 0
174 174 0.357839335865688 0
174 175 1.20126148328103 0
175 175 0.180235653803012 0
175 176 1.80225475254085 0
176 1 3.97029191355212 1
176 5 3.97029191355212 1
176 9 3.97029191355212 1
176 13 3.97029191355212 1
176 17 3.97029191355212 1
176 21 3.97029191355212 1
176 25 3.97029191355212 1
176 29 3.97029191355212 1
176 37 3.97029191355212 1
176 41 3.97029191355212 1
176 45 3.97029191355212 1
176 49 3.97029191355212 1
176 53 3.97029191355212 1
176 57 3.97029191355212 1
176 61 3.97029191355212 1
176 65 3.97029191355212 1
176 69 3.97029191355212 1
176 73 3.97029191355212 1
176 77 3.97029191355212 1
176 81 3.97029191355212 1
176 85 3.97029191355212 1
176 89 3.97029191355212 1
176 93 3.97029191355212 1
176 97 3.97029191355212 1
176 101 3.97029191355212 1
176 105 3.97029191355212 1
176 109 3.97029191355212 1
176 113 3.97029191355212 1
176 117 3.97029191355212 1
176 121 3.97029191355212 1
176 125 3.97029191355212 1
176 129 3.97029191355212 1
176 133 3.97029191355212 1
176 137 3.97029191355212 1
176 141 3.97029191355212 1
176 145 3.97029191355212 1
176 149 3.97029191355212 1
176 153 3.97029191355212 1
176 157 3.97029191355212 1
176 161 3.97029191355212 1
176 165 3.97029191355212 1
176 169 3.97029191355212 1
176 173 3.97029191355212 1
176 177 3.97029191355212 1
176 181 3.97029191355212 1
176 185 3.97029191355212 1
176 189 3.97029191355212 1
176 193 3.97029191355212 1
176 197 3.97029191355212 1
176 201 3.97029191355212 1
176 205 3.97029191355212 1
176 209 3.97029191355212 1
177 177 0.348335669687999 0
177 178 1.22370589403991 0
178 178 0.105323849663365 0
178 179 2.30291504742302 0
179 179 0.253295589485397 0
179 180 1.49717407959559 0
180 1 3.97029191355212 1
180 5 3.97029191355212 1
180 9 3.97029191355212 1
180 13 3.97029191355212 1
180 17 3.97029191355212 1
180 21 3.97029191355212 1
180 25 3.97029191355212 1
180 29 3.97029191355212 1
180 37 3.97029191355212 1
180 41 3.97029191355212 1
180 45 3.97029191355212 1
180 49 3.97029191355212 1
180 53 3.97029191355212 1
180 57 3.97029191355212 1
180 61 3.97029191355212 1
180 65 3.97029191355212 1
180 69 3.97029191355212 1
180 73 3.97029191355212 1
180 77 3.97029191355212 1
180 81 3.97029191355212 1
180 85 3.97029191355212 1
180 89 3.97029191355212 1
180 93 3.97029191355212 1
180 97 3.97029191355212 1
180 101 3.97029191355212 1
180 105 3.97029191355212 1
180 109 3.97029191355212 1
180 113 3.97029191355212 1
180 117 3.97029191355212 1
180 121 3.97029191355212 1
180 125 3.97029191355212 1
180 129 3.97029191355212 1
180 133 3.97029191355212 1
180 137 3.97029191355212 1
180 141 3.97029191355212 1
180 145 3.97029191355212 1
180 149 3.97029191355212 1
180 153 3.97029191355212 1
180 157 3.97029191355212 1
180 161 3.97029191355212 1
180 165 3.97029191355212 1
180 169 3.97029191355212 1
180 173 3.97029191355212 1
180 177 3.97029191355212 1
180 181 3.97029191355212 1
180 185 3.97029191355212 1
180 189 3.97029191355212 1
180 193 3.97029191355212 1
180 197 3.97029191355212 1
180 201 3.97029191355212 1
180 205 3.97029191355212 1
180 209 3.97029191355212 1
181 181 0.133120048666621 0
181 182 2.0823256968597 0
182 182 0.362006847592752 0
182 183 1.19164082340534 0
183 183 0.132023843833167 0
183 184 2.09005850268152 0
184 1 3.97029191355212 1
184 5 3.97029191355212 1
184 9 3.97029191355212 1
184 13 3.97029191355212 1
184 17 3.97029191355212 1
184 21 3.97029191355212 1
184 25 3.97029191355212 1
184 29 3.97029191355212 1
184 37 3.97029191355212 1
184 41 3.97029191355212 1
184 45 3.97029191355212 1
184 49 3.97029191355212 1
184 53 3.97029191355212 1
184 57 3.97029191355212 1
184 61 3.97029191355212 1
184 65 3.97029191355212 1
184 69 3.97029191355212 1
184 73 3.97029191355212 1
184 77 3.97029191355212 1
184 81 3.97029191355212 1
184 85 3.97029191355212 1
184 89 3.97029191355212 1
184 93 3.97029191355212 1
184 97 3.97029191355212 1
184 101 3.97029191355212 1
184 105 3.97029191355212 1
184 109 3.97029191355212 1
184 113 3.97029191355212 1
184 117 3.97029191355212 1
184 121 3.97029191355212 1
184 125 3.97029191355212 1
184 129 3.97029191355212 1
184 133 3.97029191355212 1
184 137 3.97029191355212 1
184 141 3.97029191355212 1
184 145 3.97029191355212 1
184 149 3.97029191355212 1
184 153 3.97029191355212 1
184 157 3.97029191355212 1
184 161 3.97029191355212 1
184 165 3.97029191355212 1
184 169 3.97029191355212 1
184 173 3.97029191355212 1
184 177 3.97029191355212 1
184 181 3.97029191355212 1
184 185 3.97029191355212 1
184 189 3.97029191355212 1
184 193 3.97029191355212 1
184 197 3.97029191355212 1
184 201 3.97029191355212 1
184 205 3.97029191355212 1
184 209 3.97029191355212 1
185 185 0.197108791026655 0
185 186 1.72093555512327 0
186 186 0.132038678705067 0
186 187 2.08995339815901 0
187 187 0.130369767261928 0
187 188 2.10185730825243 0
188 1 3.97029191355212 1
188 5 3.97029191355212 1
188 9 3.97029191355212 1
188 13 3.97029191355212 1
188 17 3.97029191355212 1
188 21 3.97029191355212 1
188 25 3.97029191355212 1
188 29 3.97029191355212 1
188 37 3.97029191355212 1
188 41 3.97029191355212 1
188 45 3.97029191355212 1
188 49 3.97029191355212 1
188 53 3.97029191355212 1
188 57 3.97029191355212 1
188 61 3.97029191355212 1
188 65 3.97029191355212 1
188 69 3.97029191355212 1
188 73 3.97029191355212 1
188 77 3.97029191355212 1
188 81 3.97029191355212 1
188 85 3.97029191355212 1
188 89 3.97029191355212 1
188 93 3.97029191355212 1
188 97 3.97029191355212 1
188 101 3.97029191355212 1
188 105 3.97029191355212 1
188 109 3.97029191355212 1
188 113 3.97029191355212 1
188 117 3.97029191355212 1
188 121 3.97029191355212 1
188 125 3.97029191355212 1
188 129 3.97029191355212 1
188 133 3.97029191355212 1
188 137 3.97029191355212 1
188 141 3.97029191355212 1
188 145 3.97029191355212 1
188 149 3.97029191355212 1
188 153 3.97029191355212 1
188 157 3.97029191355212 1
188 161 3.97029191355212 1
188 165 3.97029191355212 1
188 169 3.97029191355212 1
188 173 3.97029191355212 1
188 177 3.97029191355212 1
188 181 3.97029191355212 1
188 185 3.97029191355212 1
188 189 3.97029191355212 1
188 193 3.97029191355212 1
188 197 3.97029191355212 1
188 201 3.97029191355212 1
188 205 3.97029191355212 1
188 209 3.97029191355212 1
189 189 0.269437390148052 0
189 190 1.44311490263336 0
190 190 0.12096496763687 0
190 191 2.17212716863807 0
191 191 0.196083621081489 0
191 192 1.72565436332543 0
192 1 3.97029191355212 1
192 5 3.97029191355212 1
192 9 3.97029191355212 1
192 13 3.97029191355212 1
192 17 3.97029191355212 1
192 21 3.97029191355212 1
192 25 3.97029191355212 1
192 29 3.97029191355212 1
192 37 3.97029191355212 1
192 41 3.97029191355212 1
192 45 3.97029191355212 1
192 49 3.97029191355212 1
192 53 3.97029191355212 1
192 57 3.97029191355212 1
192 61 3.97029191355212 1
192 65 3.97029191355212 1
192 69 3.97029191355212 1
192 73 3.97029191355212 1
192 77 3.97029191355212 1
192 81 3.97029191355212 1
192 85 3.97029191355212 1
192 89 3.97029191355212 1
192 93 3.97029191355212 1
192 97 3.97029191355212 1
192 101 3.97029191355212 1
192 105 3.97029191355212 1
192 109 3.97029191355212 1
192 113 3.97029191355212 1
192 117 3.97029191355212 1
192 121 3.97029191355212 1
192 125 3.97029191355212 1
192 129 3.97029191355212 1
192 133 3.97029191355212 1
192 137 3.97029191355212 1
192 141 3.97029191355212 1
192 145 3.97029191355212 1
192 149 3.97029191355212 1
192 153 3.97029191355212 1
192 157 3.97029191355212 1
192 161 3.97029191355212 1
192 165 3.97029191355212 1
192 169 3.97029191355212 1
192 173 3.97029191355212 1
192 177 3.97029191355212 1
192 181 3.97029191355212 1
192 185 3.97029191355212 1
192 189 3.97029191355212 1
192 193 3.97029191355212 1
192 197 3.97029191355212 1
192 201 3.97029191355212 1
192 205 3.97029191355212 1
192 209 3.97029191355212 1
193 193 0.236405098197403 0
193 194 1.55808341991919 0
194 194 0.0958562688838281 0
194 195 2.39245061190172 0
195 195 0.142703153499112 0
195 196 2.01749186871978 0
196 1 3.97029191355212 1
196 5 3.97029191355212 1
196 9 3.97029191355212 1
196 13 3.97029191355212 1
196 17 3.97029191355212 1
196 21 3.97029191355212 1
196 25 3.97029191355212 1
196 29 3.97029191355212 1
196 37 3.97029191355212 1
196 41 3.97029191355212 1
196 45 3.97029191355212 1
196 49 3.97029191355212 1
196 53 3.97029191355212 1
196 57 3.97029191355212 1
196 61 3.97029191355212 1
196 65 3.97029191355212 1
196 69 3.97029191355212 1
196 73 3.97029191355212 1
196 77 3.97029191355212 1
196 81 3.97029191355212 1
196 85 3.97029191355212 1
196 89 3.97029191355212 1
196 93 3.97029191355212 1
196 97 3.97029191355212 1
196 101 3.97029191355212 1
196 105 3.97029191355212 1
196 109 3.97029191355212 1
196 113 3.97029191355212 1
196 117 3.97029191355212 1
196 121 3.97029191355212 1
196 125 3.97029191355212 1
196 129 3.97029191355212 1
196 133 3.97029191355212 1
196 137 3.97029191355212 1
196 141 3.97029191355212 1
196 145 3.97029191355212 1
196 149 3.97029191355212 1
196 153 3.97029191355212 1
196 157 3.97029191355212 1
196 161 3.97029191355212 1
196 165 3.97029191355212 1
196 169 3.97029191355212 1
196 173 3.97029191355212 1
196 177 3.97029191355212 1
196 181 3.97029191355212 1
196 185 3.97029191355212 1
196 189 3.97029191355212 1
196 193 3.97029191355212 1
196 197 3.97029191355212 1
196 201 3.97029191355212 1
196 205 3.97029191355212 1
196 209 3.97029191355212 1
197 197 0.370417223722957 0
197 198 1.1726233732079 0
198 198 0.103221139090046 0
198 199 2.32204868576892 0
199 199 0.114348789436343 0
199 200 2.22513158054923 0
200 1 3.97029191355212 1
200 5 3.97029191355212 1
200 9 3.97029191355212 1
200 13 3.97029191355212 1
200 17 3.97029191355212 1
200 21 3.97029191355212 1
200 25 3.97029191355212 1
200 29 3.97029191355212 1
200 37 3.97029191355212 1
200 41 3.97029191355212 1
200 45 3.97029191355212 1
200 49 3.97029191355212 1
200 53 3.97029191355212 1
200 57 3.97029191355212 1
200 61 3.97029191355212 1
200 65 3.97029191355212 1
200 69 3.97029191355212 1
200 73 3.97029191355212 1
200 77 3.97029191355212 1
200 81 3.97029191355212 1
200 85 3.97029191355212 1
200 89 3.97029191355212 1
200 93 3.97029191355212 1
200 97 3.97029191355212 1
200 101 3.97029191355212 1
200 105 3.97029191355212 1
200 109 3.97029191355212 1
200 113 3.97029191355212 1
200 117 3.97029191355212 1
200 121 3.97029191355212 1
200 125 3.97029191355212 1
200 129 3.97029191355212 1
200 133 3.97029191355212 1
200 137 3.97029191355212 1
200 141 3.97029191355212 1
200 145 3.97029191355212 1
200 149 3.97029191355212 1
200 153 3.97029191355212 1
200 157 3.97029191355212 1
200 161 3.97029191355212 1
200 165 3.97029191355212 1
200 169 3.97029191355212 1
200 173 3.97029191355212 1
200 177 3.97029191355212 1
200 181 3.97029191355212 1
200 185 3.97029191355212 1
200 189 3.97029191355212 1
200 193 3.97029191355212 1
200 197 3.97029191355212 1
200 201 3.97029191355212 1
200 205 3.97029191355212 1
200 209 3.97029191355212 1
201 201 0.111097608011925 0
201 202 2.25237974020039 0
202 202 0.340400100588874 0
202 203 1.24301028093472 0
203 203 0.157231754801055 0
203 204 1.92762043033427 0
204 1 3.97029191355212 1
204 5 3.97029191355212 1
204 9 3.97029191355212 1
204 13 3.97029191355212 1
204 17 3.97029191355212 1
204 21 3.97029191355212 1
204 25 3.97029191355212 1
204 29 3.97029191355212 1
204 37 3.97029191355212 1
204 41 3.97029191355212 1
204 45 3.97029191355212 1
204 49 3.97029191355212 1
204 53 3.97029191355212 1
204 57 3.97029191355212 1
204 61 3.97029191355212 1
204 65 3.97029191355212 1
204 69 3.97029191355212 1
204 73 3.97029191355212 1
204 77 3.97029191355212 1
204 81 3.97029191355212 1
204 85 3.97029191355212 1
204 89 3.97029191355212 1
204 93 3.97029191355212 1
204 97 3.97029191355212 1
204 101 3.97029191355212 1
204 105 3.97029191355212 1
204 109 3.97029191355212 1
204 113 3.97029191355212 1
204 117 3.97029191355212 1
204 121 3.97029191355212 1
204 125 3.97029191355212 1
204 129 3.97029191355212 1
204 133 3.97029191355212 1
204 137 3.97029191355212 1
204 141 3.97029191355212 1
204 145 3.97029191355212 1
204 149 3.97029191355212 1
204 153 3.97029191355212 1
204 157 3.97029191355212 1
204 161 3.97029191355212 1
204 165 3.97029191355212 1
204 169 3.97029191355212 1
204 173 3.97029191355212 1
204 177 3.97029191355212 1
204 181 3.97029191355212 1
204 185 3.97029191355212 1
204 189 3.97029191355212 1
204 193 3.97029191355212 1
204 197 3.97029191355212 1
204 201 3.97029191355212 1
204 205 3.97029191355212 1
204 209 3.97029191355212 1
205 205 0.308374831797973 0
205 206 1.32666788434334 0
206 206 0.154136746590993 0
206 207 1.94599375254999 0
207 207 0.149280591316372 0
207 208 1.97563951984285 0
208 1 3.97029191355212 1
208 5 3.97029191355212 1
208 9 3.97029191355212 1
208 13 3.97029191355212 1
208 17 3.97029191355212 1
208 21 3.97029191355212 1
208 25 3.97029191355212 1
208 29 3.97029191355212 1
208 37 3.97029191355212 1
208 41 3.97029191355212 1
208 45 3.97029191355212 1
208 49 3.97029191355212 1
208 53 3.97029191355212 1
208 57 3.97029191355212 1
208 61 3.97029191355212 1
208 65 3.97029191355212 1
208 69 3.97029191355212 1
208 73 3.97029191355212 1
208 77 3.97029191355212 1
208 81 3.97029191355212 1
208 85 3.97029191355212 1
208 89 3.97029191355212 1
208 93 3.97029191355212 1
208 97 3.97029191355212 1
208 101 3.97029191355212 1
208 105 3.97029191355212 1
208 109 3.97029191355212 1
208 113 3.97029191355212 1
208 117 3.97029191355212 1
208 121 3.97029191355212 1
208 125 3.97029191355212 1
208 129 3.97029191355212 1
208 133 3.97029191355212 1
208 137 3.97029191355212 1
208 141 3.97029191355212 1
208 145 3.97029191355212 1
208 149 3.97029191355212 1
208 153 3.97029191355212 1
208 157 3.97029191355212 1
208 161 3.97029191355212 1
208 165 3.97029191355212 1
208 169 3.97029191355212 1
208 173 3.97029191355212 1
208 177 3.97029191355212 1
208 181 3.97029191355212 1
208 185 3.97029191355212 1
208 189 3.97029191355212 1
208 193 3.97029191355212 1
208 197 3.97029191355212 1
208 201 3.97029191355212 1
208 205 3.97029191355212 1
208 209 3.97029191355212 1
209 209 0.235655626885248 0
209 210 1.56089873213944 0
210 210 0.106374029089093 0
210 211 2.29350940195253 0
211 211 0.166479704196668 0
211 212 1.87496652818445 0
212 1 3.97029191355212 1
212 5 3.97029191355212 1
212 9 3.97029191355212 1
212 13 3.97029191355212 1
212 17 3.97029191355212 1
212 21 3.97029191355212 1
212 25 3.97029191355212 1
212 29 3.97029191355212 1
212 37 3.97029191355212 1
212 41 3.97029191355212 1
212 45 3.97029191355212 1
212 49 3.97029191355212 1
212 53 3.97029191355212 1
212 57 3.97029191355212 1
212 61 3.97029191355212 1
212 65 3.97029191355212 1
212 69 3.97029191355212 1
212 73 3.97029191355212 1
212 77 3.97029191355212 1
212 81 3.97029191355212 1
212 85 3.97029191355212 1
212 89 3.97029191355212 1
212 93 3.97029191355212 1
212 97 3.97029191355212 1
212 101 3.97029191355212 1
212 105 3.97029191355212 1
212 109 3.97029191355212 1
212 113 3.97029191355212 1
212 117 3.97029191355212 1
212 121 3.97029191355212 1
212 125 3.97029191355212 1
212 129 3.97029191355212 1
212 133 3.97029191355212 1
212 137 3.97029191355212 1
212 141 3.97029191355212 1
212 145 3.97029191355212 1
212 149 3.97029191355212 1
212 153 3.97029191355212 1
212 157 3.97029191355212 1
212 161 3.97029191355212 1
212 165 3.97029191355212 1
212 169 3.97029191355212 1
212 173 3.97029191355212 1
212 177 3.97029191355212 1
212 181 3.97029191355212 1
212 185 3.97029191355212 1
212 189 3.97029191355212 1
212 193 3.97029191355212 1
212 197 3.97029191355212 1
212 201 3.97029191355212 1
212 205 3.97029191355212 1
212 209 3.97029191355212 1
