0.0309385662725452
0.00425481128423796
0.0122427092198791
0.00645453863487386
0.0290957535074507
0.0104703927355625
0.0218695804897588
0.00595463220977677
0.00697930564727364
0.00442283756135719
0.0724791299281225
0.00416353989728753
0.0117787897987796
0.012215936279707
0.026771636295171
0.0270270223283713
0.0286324425622643
0.0364805648881756
0.0233659096849633
0.0130582407935639
0.0133169299817205
0.0128752633940108
0.0230611501776793
0.0147744036436233
0.0333480439629063
0.0351038446724413
0.0279076608247474
0.0635692171340211
0.0259568001225297
0.00323544027969725
0.0053681483547724
0.00381323162165872
0.00736560092690005
0.0169529212624345
0.0568731135616851
0.00200753588725741
0.000189670634596045
0.00297310023606258
0.0057433172177039
0.005403526882857
0.0637435889456616
0.0231269525014141
0.0200412842214459
0.0119122198739881
0.0709847130857874
0.0103313125268762
0.0126549951135038
0.0129734887913956
0.019751736611987
0.00598444752951391
