1 1 0.0215928568011903 0
1 2 3.84616972396684 0
2 2 0.0570599951538147 0
2 3 2.89204599865538 0
3 3 0.0166059182194952 0
3 4 4.10628334673953 0
4 1 3.93182563272433 1
4 5 3.93182563272433 1
4 9 3.93182563272433 1
4 13 3.93182563272433 1
4 17 3.93182563272433 1
4 21 3.93182563272433 1
4 25 3.93182563272433 1
4 33 3.93182563272433 1
4 37 3.93182563272433 1
4 41 3.93182563272433 1
4 45 3.93182563272433 1
4 49 3.93182563272433 1
4 53 3.93182563272433 1
4 57 3.93182563272433 1
4 61 3.93182563272433 1
4 65 3.93182563272433 1
4 69 3.93182563272433 1
4 73 3.93182563272433 1
4 77 3.93182563272433 1
4 81 3.93182563272433 1
4 85 3.93182563272433 1
4 89 3.93182563272433 1
4 93 3.93182563272433 1
4 97 3.93182563272433 1
4 101 3.93182563272433 1
4 105 3.93182563272433 1
4 109 3.93182563272433 1
4 113 3.93182563272433 1
4 117 3.93182563272433 1
4 121 3.93182563272433 1
4 125 3.93182563272433 1
4 129 3.93182563272433 1
4 133 3.93182563272433 1
4 137 3.93182563272433 1
4 141 3.93182563272433 1
4 145 3.93182563272433 1
4 149 3.93182563272433 1
4 153 3.93182563272433 1
4 157 3.93182563272433 1
4 161 3.93182563272433 1
4 165 3.93182563272433 1
4 169 3.93182563272433 1
4 173 3.93182563272433 1
4 177 3.93182563272433 1
4 181 3.93182563272433 1
4 185 3.93182563272433 1
4 189 3.93182563272433 1
4 193 3.93182563272433 1
4 197 3.93182563272433 1
4 201 3.93182563272433 1
5 5 0.142062190919517 0
5 6 2.02168068712152 0
6 6 0.0621422478284487 0
6 7 2.80923893077265 0
7 7 0.0815334265763758 0
7 8 2.54723245279296 0
8 1 3.93182563272433 1
8 5 3.93182563272433 1
8 9 3.93182563272433 1
8 13 3.93182563272433 1
8 17 3.93182563272433 1
8 21 3.93182563272433 1
8 25 3.93182563272433 1
8 33 3.93182563272433 1
8 37 3.93182563272433 1
8 41 3.93182563272433 1
8 45 3.93182563272433 1
8 49 3.93182563272433 1
8 53 3.93182563272433 1
8 57 3.93182563272433 1
8 61 3.93182563272433 1
8 65 3.93182563272433 1
8 69 3.93182563272433 1
8 73 3.93182563272433 1
8 77 3.93182563272433 1
8 81 3.93182563272433 1
8 85 3.93182563272433 1
8 89 3.93182563272433 1
8 93 3.93182563272433 1
8 97 3.93182563272433 1
8 101 3.93182563272433 1
8 105 3.93182563272433 1
8 109 3.93182563272433 1
8 113 3.93182563272433 1
8 117 3.93182563272433 1
8 121 3.93182563272433 1
8 125 3.93182563272433 1
8 129 3.93182563272433 1
8 133 3.93182563272433 1
8 137 3.93182563272433 1
8 141 3.93182563272433 1
8 145 3.93182563272433 1
8 149 3.93182563272433 1
8 153 3.93182563272433 1
8 157 3.93182563272433 1
8 161 3.93182563272433 1
8 165 3.93182563272433 1
8 169 3.93182563272433 1
8 173 3.93182563272433 1
8 177 3.93182563272433 1
8 181 3.93182563272433 1
8 185 3.93182563272433 1
8 189 3.93182563272433 1
8 193 3.93182563272433 1
8 197 3.93182563272433 1
8 201 3.93182563272433 1
9 9 0.428705076297489 0
9 10 1.05369246174344 0
10 10 0.615414215211765 0
10 11 0.777435722377448 0
11 11 0.813197735095234 0
11 12 0.585976164846901 0
12 1 3.93182563272433 1
12 5 3.93182563272433 1
12 9 3.93182563272433 1
12 13 3.93182563272433 1
12 17 3.93182563272433 1
12 21 3.93182563272433 1
12 25 3.93182563272433 1
12 33 3.93182563272433 1
12 37 3.93182563272433 1
12 41 3.93182563272433 1
12 45 3.93182563272433 1
12 49 3.93182563272433 1
12 53 3.93182563272433 1
12 57 3.93182563272433 1
12 61 3.93182563272433 1
12 65 3.93182563272433 1
12 69 3.93182563272433 1
12 73 3.93182563272433 1
12 77 3.93182563272433 1
12 81 3.93182563272433 1
12 85 3.93182563272433 1
12 89 3.93182563272433 1
12 93 3.93182563272433 1
12 97 3.93182563272433 1
12 101 3.93182563272433 1
12 105 3.93182563272433 1
12 109 3.93182563272433 1
12 113 3.93182563272433 1
12 117 3.93182563272433 1
12 121 3.93182563272433 1
12 125 3.93182563272433 1
12 129 3.93182563272433 1
12 133 3.93182563272433 1
12 137 3.93182563272433 1
12 141 3.93182563272433 1
12 145 3.93182563272433 1
12 149 3.93182563272433 1
12 153 3.93182563272433 1
12 157 3.93182563272433 1
12 161 3.93182563272433 1
12 165 3.93182563272433 1
12 169 3.93182563272433 1
12 173 3.93182563272433 1
12 177 3.93182563272433 1
12 181 3.93182563272433 1
12 185 3.93182563272433 1
12 189 3.93182563272433 1
12 193 3.93182563272433 1
12 197 3.93182563272433 1
12 201 3.93182563272433 1
13 13 0.411223908212665 0
13 14 1.0871929383427 0
14 14 0.287881158934846 0
14 15 1.38569733937285 0
15 15 0.543454709507878 0
15 16 0.869260448720606 0
16 1 3.93182563272433 1
16 5 3.93182563272433 1
16 9 3.93182563272433 1
16 13 3.93182563272433 1
16 17 3.93182563272433 1
16 21 3.93182563272433 1
16 25 3.93182563272433 1
16 33 3.93182563272433 1
16 37 3.93182563272433 1
16 41 3.93182563272433 1
16 45 3.93182563272433 1
16 49 3.93182563272433 1
16 53 3.93182563272433 1
16 57 3.93182563272433 1
16 61 3.93182563272433 1
16 65 3.93182563272433 1
16 69 3.93182563272433 1
16 73 3.93182563272433 1
16 77 3.93182563272433 1
16 81 3.93182563272433 1
16 85 3.93182563272433 1
16 89 3.93182563272433 1
16 93 3.93182563272433 1
16 97 3.93182563272433 1
16 101 3.93182563272433 1
16 105 3.93182563272433 1
16 109 3.93182563272433 1
16 113 3.93182563272433 1
16 117 3.93182563272433 1
16 121 3.93182563272433 1
16 125 3.93182563272433 1
16 129 3.93182563272433 1
16 133 3.93182563272433 1
16 137 3.93182563272433 1
16 141 3.93182563272433 1
16 145 3.93182563272433 1
16 149 3.93182563272433 1
16 153 3.93182563272433 1
16 157 3.93182563272433 1
16 161 3.93182563272433 1
16 165 3.93182563272433 1
16 169 3.93182563272433 1
16 173 3.93182563272433 1
16 177 3.93182563272433 1
16 181 3.93182563272433 1
16 185 3.93182563272433 1
16 189 3.93182563272433 1
16 193 3.93182563272433 1
16 197 3.93182563272433 1
16 201 3.93182563272433 1
17 17 0.419691880416457 0
17 18 1.07075191823691 0
18 18 0.210097275274622 0
18 19 1.66339475090789 0
19 19 0.339610515872202 0
19 20 1.24496009028385 0
20 1 3.93182563272433 1
20 5 3.93182563272433 1
20 9 3.93182563272433 1
20 13 3.93182563272433 1
20 17 3.93182563272433 1
20 21 3.93182563272433 1
20 25 3.93182563272433 1
20 33 3.93182563272433 1
20 37 3.93182563272433 1
20 41 3.93182563272433 1
20 45 3.93182563272433 1
20 49 3.93182563272433 1
20 53 3.93182563272433 1
20 57 3.93182563272433 1
20 61 3.93182563272433 1
20 65 3.93182563272433 1
20 69 3.93182563272433 1
20 73 3.93182563272433 1
20 77 3.93182563272433 1
20 81 3.93182563272433 1
20 85 3.93182563272433 1
20 89 3.93182563272433 1
20 93 3.93182563272433 1
20 97 3.93182563272433 1
20 101 3.93182563272433 1
20 105 3.93182563272433 1
20 109 3.93182563272433 1
20 113 3.93182563272433 1
20 117 3.93182563272433 1
20 121 3.93182563272433 1
20 125 3.93182563272433 1
20 129 3.93182563272433 1
20 133 3.93182563272433 1
20 137 3.93182563272433 1
20 141 3.93182563272433 1
20 145 3.93182563272433 1
20 149 3.93182563272433 1
20 153 3.93182563272433 1
20 157 3.93182563272433 1
20 161 3.93182563272433 1
20 165 3.93182563272433 1
20 169 3.93182563272433 1
20 173 3.93182563272433 1
20 177 3.93182563272433 1
20 181 3.93182563272433 1
20 185 3.93182563272433 1
20 189 3.93182563272433 1
20 193 3.93182563272433 1
20 197 3.93182563272433 1
20 201 3.93182563272433 1
21 21 0.837476778810456 0
21 22 0.567045419422311 0
22 22 0.510520670269035 0
22 23 0.91674833655921 0
23 23 0.864956663317882 0
23 24 0.546573361353229 0
24 1 3.93182563272433 1
24 5 3.93182563272433 1
24 9 3.93182563272433 1
24 13 3.93182563272433 1
24 17 3.93182563272433 1
24 21 3.93182563272433 1
24 25 3.93182563272433 1
24 33 3.93182563272433 1
24 37 3.93182563272433 1
24 41 3.93182563272433 1
24 45 3.93182563272433 1
24 49 3.93182563272433 1
24 53 3.93182563272433 1
24 57 3.93182563272433 1
24 61 3.93182563272433 1
24 65 3.93182563272433 1
24 69 3.93182563272433 1
24 73 3.93182563272433 1
24 77 3.93182563272433 1
24 81 3.93182563272433 1
24 85 3.93182563272433 1
24 89 3.93182563272433 1
24 93 3.93182563272433 1
24 97 3.93182563272433 1
24 101 3.93182563272433 1
24 105 3.93182563272433 1
24 109 3.93182563272433 1
24 113 3.93182563272433 1
24 117 3.93182563272433 1
24 121 3.93182563272433 1
24 125 3.93182563272433 1
24 129 3.93182563272433 1
24 133 3.93182563272433 1
24 137 3.93182563272433 1
24 141 3.93182563272433 1
24 145 3.93182563272433 1
24 149 3.93182563272433 1
24 153 3.93182563272433 1
24 157 3.93182563272433 1
24 161 3.93182563272433 1
24 165 3.93182563272433 1
24 169 3.93182563272433 1
24 173 3.93182563272433 1
24 177 3.93182563272433 1
24 181 3.93182563272433 1
24 185 3.93182563272433 1
24 189 3.93182563272433 1
24 193 3.93182563272433 1
24 197 3.93182563272433 1
24 201 3.93182563272433 1
25 25 0.687552062466915 0
25 26 0.698773780225155 0
26 26 0.355527031613688 0
26 27 1.20665640195514 0
27 27 0.529659710249287 0
27 28 0.888688454029305 0
28 1 3.93182563272433 1
28 5 3.93182563272433 1
28 9 3.93182563272433 1
28 13 3.93182563272433 1
28 17 3.93182563272433 1
28 21 3.93182563272433 1
28 25 3.93182563272433 1
28 33 3.93182563272433 1
28 37 3.93182563272433 1
28 41 3.93182563272433 1
28 45 3.93182563272433 1
28 49 3.93182563272433 1
28 53 3.93182563272433 1
28 57 3.93182563272433 1
28 61 3.93182563272433 1
28 65 3.93182563272433 1
28 69 3.93182563272433 1
28 73 3.93182563272433 1
28 77 3.93182563272433 1
28 81 3.93182563272433 1
28 85 3.93182563272433 1
28 89 3.93182563272433 1
28 93 3.93182563272433 1
28 97 3.93182563272433 1
28 101 3.93182563272433 1
28 105 3.93182563272433 1
28 109 3.93182563272433 1
28 113 3.93182563272433 1
28 117 3.93182563272433 1
28 121 3.93182563272433 1
28 125 3.93182563272433 1
28 129 3.93182563272433 1
28 133 3.93182563272433 1
28 137 3.93182563272433 1
28 141 3.93182563272433 1
28 145 3.93182563272433 1
28 149 3.93182563272433 1
28 153 3.93182563272433 1
28 157 3.93182563272433 1
28 161 3.93182563272433 1
28 165 3.93182563272433 1
28 169 3.93182563272433 1
28 173 3.93182563272433 1
28 177 3.93182563272433 1
28 181 3.93182563272433 1
28 185 3.93182563272433 1
28 189 3.93182563272433 1
28 193 3.93182563272433 1
28 197 3.93182563272433 1
28 201 3.93182563272433 1
33 33 0.333907667940475 0
33 34 1.2592033130639 0
34 34 0.455048969672058 0
34 35 1.0062616658535 0
35 35 0.302155373865785 0
35 36 1.34409040994177 0
36 1 3.93182563272433 1
36 5 3.93182563272433 1
36 9 3.93182563272433 1
36 13 3.93182563272433 1
36 17 3.93182563272433 1
36 21 3.93182563272433 1
36 25 3.93182563272433 1
36 33 3.93182563272433 1
36 37 3.93182563272433 1
36 41 3.93182563272433 1
36 45 3.93182563272433 1
36 49 3.93182563272433 1
36 53 3.93182563272433 1
36 57 3.93182563272433 1
36 61 3.93182563272433 1
36 65 3.93182563272433 1
36 69 3.93182563272433 1
36 73 3.93182563272433 1
36 77 3.93182563272433 1
36 81 3.93182563272433 1
36 85 3.93182563272433 1
36 89 3.93182563272433 1
36 93 3.93182563272433 1
36 97 3.93182563272433 1
36 101 3.93182563272433 1
36 105 3.93182563272433 1
36 109 3.93182563272433 1
36 113 3.93182563272433 1
36 117 3.93182563272433 1
36 121 3.93182563272433 1
36 125 3.93182563272433 1
36 129 3.93182563272433 1
36 133 3.93182563272433 1
36 137 3.93182563272433 1
36 141 3.93182563272433 1
36 145 3.93182563272433 1
36 149 3.93182563272433 1
36 153 3.93182563272433 1
36 157 3.93182563272433 1
36 161 3.93182563272433 1
36 165 3.93182563272433 1
36 169 3.93182563272433 1
36 173 3.93182563272433 1
36 177 3.93182563272433 1
36 181 3.93182563272433 1
36 185 3.93182563272433 1
36 189 3.93182563272433 1
36 193 3.93182563272433 1
36 197 3.93182563272433 1
36 201 3.93182563272433 1
37 37 0.427479762132534 0
37 38 1.05598565149539 0
38 38 0.258398647929026 0
38 39 1.47967053232509 0
39 39 0.520625990864285 0
39 40 0.901767703439493 0
40 1 3.93182563272433 1
40 5 3.93182563272433 1
40 9 3.93182563272433 1
40 13 3.93182563272433 1
40 17 3.93182563272433 1
40 21 3.93182563272433 1
40 25 3.93182563272433 1
40 33 3.93182563272433 1
40 37 3.93182563272433 1
40 41 3.93182563272433 1
40 45 3.93182563272433 1
40 49 3.93182563272433 1
40 53 3.93182563272433 1
40 57 3.93182563272433 1
40 61 3.93182563272433 1
40 65 3.93182563272433 1
40 69 3.93182563272433 1
40 73 3.93182563272433 1
40 77 3.93182563272433 1
40 81 3.93182563272433 1
40 85 3.93182563272433 1
40 89 3.93182563272433 1
40 93 3.93182563272433 1
40 97 3.93182563272433 1
40 101 3.93182563272433 1
40 105 3.93182563272433 1
40 109 3.93182563272433 1
40 113 3.93182563272433 1
40 117 3.93182563272433 1
40 121 3.93182563272433 1
40 125 3.93182563272433 1
40 129 3.93182563272433 1
40 133 3.93182563272433 1
40 137 3.93182563272433 1
40 141 3.93182563272433 1
40 145 3.93182563272433 1
40 149 3.93182563272433 1
40 153 3.93182563272433 1
40 157 3.93182563272433 1
40 161 3.93182563272433 1
40 165 3.93182563272433 1
40 169 3.93182563272433 1
40 173 3.93182563272433 1
40 177 3.93182563272433 1
40 181 3.93182563272433 1
40 185 3.93182563272433 1
40 189 3.93182563272433 1
40 193 3.93182563272433 1
40 197 3.93182563272433 1
40 201 3.93182563272433 1
41 41 0.5592526788675 0
41 42 0.847781977553011 0
42 42 0.282760470096438 0
42 43 1.40120619188318 0
43 43 0.490802105835264 0
43 44 0.947098453691176 0
44 1 3.93182563272433 1
44 5 3.93182563272433 1
44 9 3.93182563272433 1
44 13 3.93182563272433 1
44 17 3.93182563272433 1
44 21 3.93182563272433 1
44 25 3.93182563272433 1
44 33 3.93182563272433 1
44 37 3.93182563272433 1
44 41 3.93182563272433 1
44 45 3.93182563272433 1
44 49 3.93182563272433 1
44 53 3.93182563272433 1
44 57 3.93182563272433 1
44 61 3.93182563272433 1
44 65 3.93182563272433 1
44 69 3.93182563272433 1
44 73 3.93182563272433 1
44 77 3.93182563272433 1
44 81 3.93182563272433 1
44 85 3.93182563272433 1
44 89 3.93182563272433 1
44 93 3.93182563272433 1
44 97 3.93182563272433 1
44 101 3.93182563272433 1
44 105 3.93182563272433 1
44 109 3.93182563272433 1
44 113 3.93182563272433 1
44 117 3.93182563272433 1
44 121 3.93182563272433 1
44 125 3.93182563272433 1
44 129 3.93182563272433 1
44 133 3.93182563272433 1
44 137 3.93182563272433 1
44 141 3.93182563272433 1
44 145 3.93182563272433 1
44 149 3.93182563272433 1
44 153 3.93182563272433 1
44 157 3.93182563272433 1
44 161 3.93182563272433 1
44 165 3.93182563272433 1
44 169 3.93182563272433 1
44 173 3.93182563272433 1
44 177 3.93182563272433 1
44 181 3.93182563272433 1
44 185 3.93182563272433 1
44 189 3.93182563272433 1
44 193 3.93182563272433 1
44 197 3.93182563272433 1
44 201 3.93182563272433 1
45 45 0.549653254186413 0
45 46 0.860737536263453 0
46 46 0.263955910464219 0
46 47 1.46104937332812 0
47 47 0.362605782357297 0
47 48 1.19026913004747 0
48 1 3.93182563272433 1
48 5 3.93182563272433 1
48 9 3.93182563272433 1
48 13 3.93182563272433 1
48 17 3.93182563272433 1
48 21 3.93182563272433 1
48 25 3.93182563272433 1
48 33 3.93182563272433 1
48 37 3.93182563272433 1
48 41 3.93182563272433 1
48 45 3.93182563272433 1
48 49 3.93182563272433 1
48 53 3.93182563272433 1
48 57 3.93182563272433 1
48 61 3.93182563272433 1
48 65 3.93182563272433 1
48 69 3.93182563272433 1
48 73 3.93182563272433 1
48 77 3.93182563272433 1
48 81 3.93182563272433 1
48 85 3.93182563272433 1
48 89 3.93182563272433 1
48 93 3.93182563272433 1
48 97 3.93182563272433 1
48 101 3.93182563272433 1
48 105 3.93182563272433 1
48 109 3.93182563272433 1
48 113 3.93182563272433 1
48 117 3.93182563272433 1
48 121 3.93182563272433 1
48 125 3.93182563272433 1
48 129 3.93182563272433 1
48 133 3.93182563272433 1
48 137 3.93182563272433 1
48 141 3.93182563272433 1
48 145 3.93182563272433 1
48 149 3.93182563272433 1
48 153 3.93182563272433 1
48 157 3.93182563272433 1
48 161 3.93182563272433 1
48 165 3.93182563272433 1
48 169 3.93182563272433 1
48 173 3.93182563272433 1
48 177 3.93182563272433 1
48 181 3.93182563272433 1
48 185 3.93182563272433 1
48 189 3.93182563272433 1
48 193 3.93182563272433 1
48 197 3.93182563272433 1
48 201 3.93182563272433 1
49 49 0.215818445529143 0
49 50 1.63928699680343 0
50 50 0.145984844530038 0
50 51 1.99635706488017 0
51 51 0.271660833969189 0
51 52 1.43595824687288 0
52 1 3.93182563272433 1
52 5 3.93182563272433 1
52 9 3.93182563272433 1
52 13 3.93182563272433 1
52 17 3.93182563272433 1
52 21 3.93182563272433 1
52 25 3.93182563272433 1
52 33 3.93182563272433 1
52 37 3.93182563272433 1
52 41 3.93182563272433 1
52 45 3.93182563272433 1
52 49 3.93182563272433 1
52 53 3.93182563272433 1
52 57 3.93182563272433 1
52 61 3.93182563272433 1
52 65 3.93182563272433 1
52 69 3.93182563272433 1
52 73 3.93182563272433 1
52 77 3.93182563272433 1
52 81 3.93182563272433 1
52 85 3.93182563272433 1
52 89 3.93182563272433 1
52 93 3.93182563272433 1
52 97 3.93182563272433 1
52 101 3.93182563272433 1
52 105 3.93182563272433 1
52 109 3.93182563272433 1
52 113 3.93182563272433 1
52 117 3.93182563272433 1
52 121 3.93182563272433 1
52 125 3.93182563272433 1
52 129 3.93182563272433 1
52 133 3.93182563272433 1
52 137 3.93182563272433 1
52 141 3.93182563272433 1
52 145 3.93182563272433 1
52 149 3.93182563272433 1
52 153 3.93182563272433 1
52 157 3.93182563272433 1
52 161 3.93182563272433 1
52 165 3.93182563272433 1
52 169 3.93182563272433 1
52 173 3.93182563272433 1
52 177 3.93182563272433 1
52 181 3.93182563272433 1
52 185 3.93182563272433 1
52 189 3.93182563272433 1
52 193 3.93182563272433 1
52 197 3.93182563272433 1
52 201 3.93182563272433 1
53 53 0.473682226997556 0
53 54 0.974728169198379 0
54 54 0.219127127951968 0
54 55 1.62566689281968 0
55 55 0.522081399675223 0
55 56 0.899641109292909 0
56 1 3.93182563272433 1
56 5 3.93182563272433 1
56 9 3.93182563272433 1
56 13 3.93182563272433 1
56 17 3.93182563272433 1
56 21 3.93182563272433 1
56 25 3.93182563272433 1
56 33 3.93182563272433 1
56 37 3.93182563272433 1
56 41 3.93182563272433 1
56 45 3.93182563272433 1
56 49 3.93182563272433 1
56 53 3.93182563272433 1
56 57 3.93182563272433 1
56 61 3.93182563272433 1
56 65 3.93182563272433 1
56 69 3.93182563272433 1
56 73 3.93182563272433 1
56 77 3.93182563272433 1
56 81 3.93182563272433 1
56 85 3.93182563272433 1
56 89 3.93182563272433 1
56 93 3.93182563272433 1
56 97 3.93182563272433 1
56 101 3.93182563272433 1
56 105 3.93182563272433 1
56 109 3.93182563272433 1
56 113 3.93182563272433 1
56 117 3.93182563272433 1
56 121 3.93182563272433 1
56 125 3.93182563272433 1
56 129 3.93182563272433 1
56 133 3.93182563272433 1
56 137 3.93182563272433 1
56 141 3.93182563272433 1
56 145 3.93182563272433 1
56 149 3.93182563272433 1
56 153 3.93182563272433 1
56 157 3.93182563272433 1
56 161 3.93182563272433 1
56 165 3.93182563272433 1
56 169 3.93182563272433 1
56 173 3.93182563272433 1
56 177 3.93182563272433 1
56 181 3.93182563272433 1
56 185 3.93182563272433 1
56 189 3.93182563272433 1
56 193 3.93182563272433 1
56 197 3.93182563272433 1
56 201 3.93182563272433 1
57 57 0.474253768304804 0
57 58 0.973785584656279 0
58 58 0.358027000412429 0
58 59 1.20082509689235 0
59 59 0.593503494879357 0
59 60 0.8038298336998 0
60 1 3.93182563272433 1
60 5 3.93182563272433 1
60 9 3.93182563272433 1
60 13 3.93182563272433 1
60 17 3.93182563272433 1
60 21 3.93182563272433 1
60 25 3.93182563272433 1
60 33 3.93182563272433 1
60 37 3.93182563272433 1
60 41 3.93182563272433 1
60 45 3.93182563272433 1
60 49 3.93182563272433 1
60 53 3.93182563272433 1
60 57 3.93182563272433 1
60 61 3.93182563272433 1
60 65 3.93182563272433 1
60 69 3.93182563272433 1
60 73 3.93182563272433 1
60 77 3.93182563272433 1
60 81 3.93182563272433 1
60 85 3.93182563272433 1
60 89 3.93182563272433 1
60 93 3.93182563272433 1
60 97 3.93182563272433 1
60 101 3.93182563272433 1
60 105 3.93182563272433 1
60 109 3.93182563272433 1
60 113 3.93182563272433 1
60 117 3.93182563272433 1
60 121 3.93182563272433 1
60 125 3.93182563272433 1
60 129 3.93182563272433 1
60 133 3.93182563272433 1
60 137 3.93182563272433 1
60 141 3.93182563272433 1
60 145 3.93182563272433 1
60 149 3.93182563272433 1
60 153 3.93182563272433 1
60 157 3.93182563272433 1
60 161 3.93182563272433 1
60 165 3.93182563272433 1
60 169 3.93182563272433 1
60 173 3.93182563272433 1
60 177 3.93182563272433 1
60 181 3.93182563272433 1
60 185 3.93182563272433 1
60 189 3.93182563272433 1
60 193 3.93182563272433 1
60 197 3.93182563272433 1
60 201 3.93182563272433 1
61 61 0.671121535802974 0
61 62 0.715668901242234 0
62 62 0.441376523034097 0
62 63 1.03044115471498 0
63 63 0.579253119393712 0
63 64 0.821700583957858 0
64 1 3.93182563272433 1
64 5 3.93182563272433 1
64 9 3.93182563272433 1
64 13 3.93182563272433 1
64 17 3.93182563272433 1
64 21 3.93182563272433 1
64 25 3.93182563272433 1
64 33 3.93182563272433 1
64 37 3.93182563272433 1
64 41 3.93182563272433 1
64 45 3.93182563272433 1
64 49 3.93182563272433 1
64 53 3.93182563272433 1
64 57 3.93182563272433 1
64 61 3.93182563272433 1
64 65 3.93182563272433 1
64 69 3.93182563272433 1
64 73 3.93182563272433 1
64 77 3.93182563272433 1
64 81 3.93182563272433 1
64 85 3.93182563272433 1
64 89 3.93182563272433 1
64 93 3.93182563272433 1
64 97 3.93182563272433 1
64 101 3.93182563272433 1
64 105 3.93182563272433 1
64 109 3.93182563272433 1
64 113 3.93182563272433 1
64 117 3.93182563272433 1
64 121 3.93182563272433 1
64 125 3.93182563272433 1
64 129 3.93182563272433 1
64 133 3.93182563272433 1
64 137 3.93182563272433 1
64 141 3.93182563272433 1
64 145 3.93182563272433 1
64 149 3.93182563272433 1
64 153 3.93182563272433 1
64 157 3.93182563272433 1
64 161 3.93182563272433 1
64 165 3.93182563272433 1
64 169 3.93182563272433 1
64 173 3.93182563272433 1
64 177 3.93182563272433 1
64 181 3.93182563272433 1
64 185 3.93182563272433 1
64 189 3.93182563272433 1
64 193 3.93182563272433 1
64 197 3.93182563272433 1
64 201 3.93182563272433 1
65 65 0.454734084389823 0
65 66 1.00680806573631 0
66 66 0.275149994668889 0
66 67 1.42486139996478 0
67 67 0.348621035334859 0
67 68 1.22302141596338 0
68 1 3.93182563272433 1
68 5 3.93182563272433 1
68 9 3.93182563272433 1
68 13 3.93182563272433 1
68 17 3.93182563272433 1
68 21 3.93182563272433 1
68 25 3.93182563272433 1
68 33 3.93182563272433 1
68 37 3.93182563272433 1
68 41 3.93182563272433 1
68 45 3.93182563272433 1
68 49 3.93182563272433 1
68 53 3.93182563272433 1
68 57 3.93182563272433 1
68 61 3.93182563272433 1
68 65 3.93182563272433 1
68 69 3.93182563272433 1
68 73 3.93182563272433 1
68 77 3.93182563272433 1
68 81 3.93182563272433 1
68 85 3.93182563272433 1
68 89 3.93182563272433 1
68 93 3.93182563272433 1
68 97 3.93182563272433 1
68 101 3.93182563272433 1
68 105 3.93182563272433 1
68 109 3.93182563272433 1
68 113 3.93182563272433 1
68 117 3.93182563272433 1
68 121 3.93182563272433 1
68 125 3.93182563272433 1
68 129 3.93182563272433 1
68 133 3.93182563272433 1
68 137 3.93182563272433 1
68 141 3.93182563272433 1
68 145 3.93182563272433 1
68 149 3.93182563272433 1
68 153 3.93182563272433 1
68 157 3.93182563272433 1
68 161 3.93182563272433 1
68 165 3.93182563272433 1
68 169 3.93182563272433 1
68 173 3.93182563272433 1
68 177 3.93182563272433 1
68 181 3.93182563272433 1
68 185 3.93182563272433 1
68 189 3.93182563272433 1
68 193 3.93182563272433 1
68 197 3.93182563272433 1
68 201 3.93182563272433 1
69 69 0.598946889181245 0
69 70 0.797152836676829 0
70 70 0.647219012759708 0
70 71 0.741286716433878 0
71 71 0.310241295669757 0
71 72 1.32151836818098 0
72 1 3.93182563272433 1
72 5 3.93182563272433 1
72 9 3.93182563272433 1
72 13 3.93182563272433 1
72 17 3.93182563272433 1
72 21 3.93182563272433 1
72 25 3.93182563272433 1
72 33 3.93182563272433 1
72 37 3.93182563272433 1
72 41 3.93182563272433 1
72 45 3.93182563272433 1
72 49 3.93182563272433 1
72 53 3.93182563272433 1
72 57 3.93182563272433 1
72 61 3.93182563272433 1
72 65 3.93182563272433 1
72 69 3.93182563272433 1
72 73 3.93182563272433 1
72 77 3.93182563272433 1
72 81 3.93182563272433 1
72 85 3.93182563272433 1
72 89 3.93182563272433 1
72 93 3.93182563272433 1
72 97 3.93182563272433 1
72 101 3.93182563272433 1
72 105 3.93182563272433 1
72 109 3.93182563272433 1
72 113 3.93182563272433 1
72 117 3.93182563272433 1
72 121 3.93182563272433 1
72 125 3.93182563272433 1
72 129 3.93182563272433 1
72 133 3.93182563272433 1
72 137 3.93182563272433 1
72 141 3.93182563272433 1
72 145 3.93182563272433 1
72 149 3.93182563272433 1
72 153 3.93182563272433 1
72 157 3.93182563272433 1
72 161 3.93182563272433 1
72 165 3.93182563272433 1
72 169 3.93182563272433 1
72 173 3.93182563272433 1
72 177 3.93182563272433 1
72 181 3.93182563272433 1
72 185 3.93182563272433 1
72 189 3.93182563272433 1
72 193 3.93182563272433 1
72 197 3.93182563272433 1
72 201 3.93182563272433 1
73 73 0.322438472164573 0
73 74 1.28873398762865 0
74 74 0.171472896885916 0
74 75 1.84784168590538 0
75 75 0.417493307736219 0
75 76 1.07498170324363 0
76 1 3.93182563272433 1
76 5 3.93182563272433 1
76 9 3.93182563272433 1
76 13 3.93182563272433 1
76 17 3.93182563272433 1
76 21 3.93182563272433 1
76 25 3.93182563272433 1
76 33 3.93182563272433 1
76 37 3.93182563272433 1
76 41 3.93182563272433 1
76 45 3.93182563272433 1
76 49 3.93182563272433 1
76 53 3.93182563272433 1
76 57 3.93182563272433 1
76 61 3.93182563272433 1
76 65 3.93182563272433 1
76 69 3.93182563272433 1
76 73 3.93182563272433 1
76 77 3.93182563272433 1
76 81 3.93182563272433 1
76 85 3.93182563272433 1
76 89 3.93182563272433 1
76 93 3.93182563272433 1
76 97 3.93182563272433 1
76 101 3.93182563272433 1
76 105 3.93182563272433 1
76 109 3.93182563272433 1
76 113 3.93182563272433 1
76 117 3.93182563272433 1
76 121 3.93182563272433 1
76 125 3.93182563272433 1
76 129 3.93182563272433 1
76 133 3.93182563272433 1
76 137 3.93182563272433 1
76 141 3.93182563272433 1
76 145 3.93182563272433 1
76 149 3.93182563272433 1
76 153 3.93182563272433 1
76 157 3.93182563272433 1
76 161 3.93182563272433 1
76 165 3.93182563272433 1
76 169 3.93182563272433 1
76 173 3.93182563272433 1
76 177 3.93182563272433 1
76 181 3.93182563272433 1
76 185 3.93182563272433 1
76 189 3.93182563272433 1
76 193 3.93182563272433 1
76 197 3.93182563272433 1
76 201 3.93182563272433 1
77 77 0.477372472606797 0
77 78 0.968667244309546 0
78 78 0.757992308696639 0
78 79 0.632252101202802 0
79 79 0.753638223798396 0
79 80 0.636107329303818 0
80 1 3.93182563272433 1
80 5 3.93182563272433 1
80 9 3.93182563272433 1
80 13 3.93182563272433 1
80 17 3.93182563272433 1
80 21 3.93182563272433 1
80 25 3.93182563272433 1
80 33 3.93182563272433 1
80 37 3.93182563272433 1
80 41 3.93182563272433 1
80 45 3.93182563272433 1
80 49 3.93182563272433 1
80 53 3.93182563272433 1
80 57 3.93182563272433 1
80 61 3.93182563272433 1
80 65 3.93182563272433 1
80 69 3.93182563272433 1
80 73 3.93182563272433 1
80 77 3.93182563272433 1
80 81 3.93182563272433 1
80 85 3.93182563272433 1
80 89 3.93182563272433 1
80 93 3.93182563272433 1
80 97 3.93182563272433 1
80 101 3.93182563272433 1
80 105 3.93182563272433 1
80 109 3.93182563272433 1
80 113 3.93182563272433 1
80 117 3.93182563272433 1
80 121 3.93182563272433 1
80 125 3.93182563272433 1
80 129 3.93182563272433 1
80 133 3.93182563272433 1
80 137 3.93182563272433 1
80 141 3.93182563272433 1
80 145 3.93182563272433 1
80 149 3.93182563272433 1
80 153 3.93182563272433 1
80 157 3.93182563272433 1
80 161 3.93182563272433 1
80 165 3.93182563272433 1
80 169 3.93182563272433 1
80 173 3.93182563272433 1
80 177 3.93182563272433 1
80 181 3.93182563272433 1
80 185 3.93182563272433 1
80 189 3.93182563272433 1
80 193 3.93182563272433 1
80 197 3.93182563272433 1
80 201 3.93182563272433 1
81 81 0.281495912920331 0
81 82 1.40508581981939 0
82 82 0.20066802879904 0
82 83 1.70476009231043 0
83 83 0.244776490109012 0
83 84 1.52730231945061 0
84 1 3.93182563272433 1
84 5 3.93182563272433 1
84 9 3.93182563272433 1
84 13 3.93182563272433 1
84 17 3.93182563272433 1
84 21 3.93182563272433 1
84 25 3.93182563272433 1
84 33 3.93182563272433 1
84 37 3.93182563272433 1
84 41 3.93182563272433 1
84 45 3.93182563272433 1
84 49 3.93182563272433 1
84 53 3.93182563272433 1
84 57 3.93182563272433 1
84 61 3.93182563272433 1
84 65 3.93182563272433 1
84 69 3.93182563272433 1
84 73 3.93182563272433 1
84 77 3.93182563272433 1
84 81 3.93182563272433 1
84 85 3.93182563272433 1
84 89 3.93182563272433 1
84 93 3.93182563272433 1
84 97 3.93182563272433 1
84 101 3.93182563272433 1
84 105 3.93182563272433 1
84 109 3.93182563272433 1
84 113 3.93182563272433 1
84 117 3.93182563272433 1
84 121 3.93182563272433 1
84 125 3.93182563272433 1
84 129 3.93182563272433 1
84 133 3.93182563272433 1
84 137 3.93182563272433 1
84 141 3.93182563272433 1
84 145 3.93182563272433 1
84 149 3.93182563272433 1
84 153 3.93182563272433 1
84 157 3.93182563272433 1
84 161 3.93182563272433 1
84 165 3.93182563272433 1
84 169 3.93182563272433 1
84 173 3.93182563272433 1
84 177 3.93182563272433 1
84 181 3.93182563272433 1
84 185 3.93182563272433 1
84 189 3.93182563272433 1
84 193 3.93182563272433 1
84 197 3.93182563272433 1
84 201 3.93182563272433 1
85 85 0.391630844348195 0
85 86 1.12686856356682 0
86 86 0.234192491667863 0
86 87 1.56642344314413 0
87 87 0.429263609285303 0
87 88 1.05264983298634 0
88 1 3.93182563272433 1
88 5 3.93182563272433 1
88 9 3.93182563272433 1
88 13 3.93182563272433 1
88 17 3.93182563272433 1
88 21 3.93182563272433 1
88 25 3.93182563272433 1
88 33 3.93182563272433 1
88 37 3.93182563272433 1
88 41 3.93182563272433 1
88 45 3.93182563272433 1
88 49 3.93182563272433 1
88 53 3.93182563272433 1
88 57 3.93182563272433 1
88 61 3.93182563272433 1
88 65 3.93182563272433 1
88 69 3.93182563272433 1
88 73 3.93182563272433 1
88 77 3.93182563272433 1
88 81 3.93182563272433 1
88 85 3.93182563272433 1
88 89 3.93182563272433 1
88 93 3.93182563272433 1
88 97 3.93182563272433 1
88 101 3.93182563272433 1
88 105 3.93182563272433 1
88 109 3.93182563272433 1
88 113 3.93182563272433 1
88 117 3.93182563272433 1
88 121 3.93182563272433 1
88 125 3.93182563272433 1
88 129 3.93182563272433 1
88 133 3.93182563272433 1
88 137 3.93182563272433 1
88 141 3.93182563272433 1
88 145 3.93182563272433 1
88 149 3.93182563272433 1
88 153 3.93182563272433 1
88 157 3.93182563272433 1
88 161 3.93182563272433 1
88 165 3.93182563272433 1
88 169 3.93182563272433 1
88 173 3.93182563272433 1
88 177 3.93182563272433 1
88 181 3.93182563272433 1
88 185 3.93182563272433 1
88 189 3.93182563272433 1
88 193 3.93182563272433 1
88 197 3.93182563272433 1
88 201 3.93182563272433 1
89 89 0.419503689480756 0
89 90 1.07111288709056 0
90 90 0.22838275198876 0
90 91 1.58875136218745 0
91 91 0.461210561823059 0
91 92 0.995658125956586 0
92 1 3.93182563272433 1
92 5 3.93182563272433 1
92 9 3.93182563272433 1
92 13 3.93182563272433 1
92 17 3.93182563272433 1
92 21 3.93182563272433 1
92 25 3.93182563272433 1
92 33 3.93182563272433 1
92 37 3.93182563272433 1
92 41 3.93182563272433 1
92 45 3.93182563272433 1
92 49 3.93182563272433 1
92 53 3.93182563272433 1
92 57 3.93182563272433 1
92 61 3.93182563272433 1
92 65 3.93182563272433 1
92 69 3.93182563272433 1
92 73 3.93182563272433 1
92 77 3.93182563272433 1
92 81 3.93182563272433 1
92 85 3.93182563272433 1
92 89 3.93182563272433 1
92 93 3.93182563272433 1
92 97 3.93182563272433 1
92 101 3.93182563272433 1
92 105 3.93182563272433 1
92 109 3.93182563272433 1
92 113 3.93182563272433 1
92 117 3.93182563272433 1
92 121 3.93182563272433 1
92 125 3.93182563272433 1
92 129 3.93182563272433 1
92 133 3.93182563272433 1
92 137 3.93182563272433 1
92 141 3.93182563272433 1
92 145 3.93182563272433 1
92 149 3.93182563272433 1
92 153 3.93182563272433 1
92 157 3.93182563272433 1
92 161 3.93182563272433 1
92 165 3.93182563272433 1
92 169 3.93182563272433 1
92 173 3.93182563272433 1
92 177 3.93182563272433 1
92 181 3.93182563272433 1
92 185 3.93182563272433 1
92 189 3.93182563272433 1
92 193 3.93182563272433 1
92 197 3.93182563272433 1
92 201 3.93182563272433 1
93 93 0.593894781522997 0
93 94 0.803347165358732 0
94 94 0.849834675383174 0
94 95 0.557717391031642 0
95 95 0.732637978182753 0
95 96 0.655156646844126 0
96 1 3.93182563272433 1
96 5 3.93182563272433 1
96 9 3.93182563272433 1
96 13 3.93182563272433 1
96 17 3.93182563272433 1
96 21 3.93182563272433 1
96 25 3.93182563272433 1
96 33 3.93182563272433 1
96 37 3.93182563272433 1
96 41 3.93182563272433 1
96 45 3.93182563272433 1
96 49 3.93182563272433 1
96 53 3.93182563272433 1
96 57 3.93182563272433 1
96 61 3.93182563272433 1
96 65 3.93182563272433 1
96 69 3.93182563272433 1
96 73 3.93182563272433 1
96 77 3.93182563272433 1
96 81 3.93182563272433 1
96 85 3.93182563272433 1
96 89 3.93182563272433 1
96 93 3.93182563272433 1
96 97 3.93182563272433 1
96 101 3.93182563272433 1
96 105 3.93182563272433 1
96 109 3.93182563272433 1
96 113 3.93182563272433 1
96 117 3.93182563272433 1
96 121 3.93182563272433 1
96 125 3.93182563272433 1
96 129 3.93182563272433 1
96 133 3.93182563272433 1
96 137 3.93182563272433 1
96 141 3.93182563272433 1
96 145 3.93182563272433 1
96 149 3.93182563272433 1
96 153 3.93182563272433 1
96 157 3.93182563272433 1
96 161 3.93182563272433 1
96 165 3.93182563272433 1
96 169 3.93182563272433 1
96 173 3.93182563272433 1
96 177 3.93182563272433 1
96 181 3.93182563272433 1
96 185 3.93182563272433 1
96 189 3.93182563272433 1
96 193 3.93182563272433 1
96 197 3.93182563272433 1
96 201 3.93182563272433 1
97 97 0.474985297174024 0
97 98 0.972581492821998 0
98 98 0.874997168559943 0
98 99 0.53933347178677 0
99 99 0.573891097038152 0
99 100 0.828575685850994 0
100 1 3.93182563272433 1
100 5 3.93182563272433 1
100 9 3.93182563272433 1
100 13 3.93182563272433 1
100 17 3.93182563272433 1
100 21 3.93182563272433 1
100 25 3.93182563272433 1
100 33 3.93182563272433 1
100 37 3.93182563272433 1
100 41 3.93182563272433 1
100 45 3.93182563272433 1
100 49 3.93182563272433 1
100 53 3.93182563272433 1
100 57 3.93182563272433 1
100 61 3.93182563272433 1
100 65 3.93182563272433 1
100 69 3.93182563272433 1
100 73 3.93182563272433 1
100 77 3.93182563272433 1
100 81 3.93182563272433 1
100 85 3.93182563272433 1
100 89 3.93182563272433 1
100 93 3.93182563272433 1
100 97 3.93182563272433 1
100 101 3.93182563272433 1
100 105 3.93182563272433 1
100 109 3.93182563272433 1
100 113 3.93182563272433 1
100 117 3.93182563272433 1
100 121 3.93182563272433 1
100 125 3.93182563272433 1
100 129 3.93182563272433 1
100 133 3.93182563272433 1
100 137 3.93182563272433 1
100 141 3.93182563272433 1
100 145 3.93182563272433 1
100 149 3.93182563272433 1
100 153 3.93182563272433 1
100 157 3.93182563272433 1
100 161 3.93182563272433 1
100 165 3.93182563272433 1
100 169 3.93182563272433 1
100 173 3.93182563272433 1
100 177 3.93182563272433 1
100 181 3.93182563272433 1
100 185 3.93182563272433 1
100 189 3.93182563272433 1
100 193 3.93182563272433 1
100 197 3.93182563272433 1
100 201 3.93182563272433 1
101 101 0.385481614816284 0
101 102 1.13981841945926 0
102 102 0.344707130478129 0
102 103 1.23246761946922 0
103 103 0.729422029036474 0
103 104 0.65814226448137 0
104 1 3.93182563272433 1
104 5 3.93182563272433 1
104 9 3.93182563272433 1
104 13 3.93182563272433 1
104 17 3.93182563272433 1
104 21 3.93182563272433 1
104 25 3.93182563272433 1
104 33 3.93182563272433 1
104 37 3.93182563272433 1
104 41 3.93182563272433 1
104 45 3.93182563272433 1
104 49 3.93182563272433 1
104 53 3.93182563272433 1
104 57 3.93182563272433 1
104 61 3.93182563272433 1
104 65 3.93182563272433 1
104 69 3.93182563272433 1
104 73 3.93182563272433 1
104 77 3.93182563272433 1
104 81 3.93182563272433 1
104 85 3.93182563272433 1
104 89 3.93182563272433 1
104 93 3.93182563272433 1
104 97 3.93182563272433 1
104 101 3.93182563272433 1
104 105 3.93182563272433 1
104 109 3.93182563272433 1
104 113 3.93182563272433 1
104 117 3.93182563272433 1
104 121 3.93182563272433 1
104 125 3.93182563272433 1
104 129 3.93182563272433 1
104 133 3.93182563272433 1
104 137 3.93182563272433 1
104 141 3.93182563272433 1
104 145 3.93182563272433 1
104 149 3.93182563272433 1
104 153 3.93182563272433 1
104 157 3.93182563272433 1
104 161 3.93182563272433 1
104 165 3.93182563272433 1
104 169 3.93182563272433 1
104 173 3.93182563272433 1
104 177 3.93182563272433 1
104 181 3.93182563272433 1
104 185 3.93182563272433 1
104 189 3.93182563272433 1
104 193 3.93182563272433 1
104 197 3.93182563272433 1
104 201 3.93182563272433 1
105 105 0.465644504052349 0
105 106 0.988136956017023 0
106 106 0.266438261936985 0
106 107 1.4528761416242 0
107 107 0.500900540756299 0
107 108 0.931365537950855 0
108 1 3.93182563272433 1
108 5 3.93182563272433 1
108 9 3.93182563272433 1
108 13 3.93182563272433 1
108 17 3.93182563272433 1
108 21 3.93182563272433 1
108 25 3.93182563272433 1
108 33 3.93182563272433 1
108 37 3.93182563272433 1
108 41 3.93182563272433 1
108 45 3.93182563272433 1
108 49 3.93182563272433 1
108 53 3.93182563272433 1
108 57 3.93182563272433 1
108 61 3.93182563272433 1
108 65 3.93182563272433 1
108 69 3.93182563272433 1
108 73 3.93182563272433 1
108 77 3.93182563272433 1
108 81 3.93182563272433 1
108 85 3.93182563272433 1
108 89 3.93182563272433 1
108 93 3.93182563272433 1
108 97 3.93182563272433 1
108 101 3.93182563272433 1
108 105 3.93182563272433 1
108 109 3.93182563272433 1
108 113 3.93182563272433 1
108 117 3.93182563272433 1
108 121 3.93182563272433 1
108 125 3.93182563272433 1
108 129 3.93182563272433 1
108 133 3.93182563272433 1
108 137 3.93182563272433 1
108 141 3.93182563272433 1
108 145 3.93182563272433 1
108 149 3.93182563272433 1
108 153 3.93182563272433 1
108 157 3.93182563272433 1
108 161 3.93182563272433 1
108 165 3.93182563272433 1
108 169 3.93182563272433 1
108 173 3.93182563272433 1
108 177 3.93182563272433 1
108 181 3.93182563272433 1
108 185 3.93182563272433 1
108 189 3.93182563272433 1
108 193 3.93182563272433 1
108 197 3.93182563272433 1
108 201 3.93182563272433 1
109 109 0.447358926826811 0
109 110 1.01974861424273 0
110 110 0.50671043611096 0
110 111 0.922495441333654 0
111 111 0.601859991231971 0
111 112 0.793612585733462 0
112 1 3.93182563272433 1
112 5 3.93182563272433 1
112 9 3.93182563272433 1
112 13 3.93182563272433 1
112 17 3.93182563272433 1
112 21 3.93182563272433 1
112 25 3.93182563272433 1
112 33 3.93182563272433 1
112 37 3.93182563272433 1
112 41 3.93182563272433 1
112 45 3.93182563272433 1
112 49 3.93182563272433 1
112 53 3.93182563272433 1
112 57 3.93182563272433 1
112 61 3.93182563272433 1
112 65 3.93182563272433 1
112 69 3.93182563272433 1
112 73 3.93182563272433 1
112 77 3.93182563272433 1
112 81 3.93182563272433 1
112 85 3.93182563272433 1
112 89 3.93182563272433 1
112 93 3.93182563272433 1
112 97 3.93182563272433 1
112 101 3.93182563272433 1
112 105 3.93182563272433 1
112 109 3.93182563272433 1
112 113 3.93182563272433 1
112 117 3.93182563272433 1
112 121 3.93182563272433 1
112 125 3.93182563272433 1
112 129 3.93182563272433 1
112 133 3.93182563272433 1
112 137 3.93182563272433 1
112 141 3.93182563272433 1
112 145 3.93182563272433 1
112 149 3.93182563272433 1
112 153 3.93182563272433 1
112 157 3.93182563272433 1
112 161 3.93182563272433 1
112 165 3.93182563272433 1
112 169 3.93182563272433 1
112 173 3.93182563272433 1
112 177 3.93182563272433 1
112 181 3.93182563272433 1
112 185 3.93182563272433 1
112 189 3.93182563272433 1
112 193 3.93182563272433 1
112 197 3.93182563272433 1
112 201 3.93182563272433 1
113 113 0.193118352997856 0
113 114 1.73945719403288 0
114 114 0.327590595425348 0
114 115 1.27531844139648 0
115 115 0.272461429700299 0
115 116 1.43339770876458 0
116 1 3.93182563272433 1
116 5 3.93182563272433 1
116 9 3.93182563272433 1
116 13 3.93182563272433 1
116 17 3.93182563272433 1
116 21 3.93182563272433 1
116 25 3.93182563272433 1
116 33 3.93182563272433 1
116 37 3.93182563272433 1
116 41 3.93182563272433 1
116 45 3.93182563272433 1
116 49 3.93182563272433 1
116 53 3.93182563272433 1
116 57 3.93182563272433 1
116 61 3.93182563272433 1
116 65 3.93182563272433 1
116 69 3.93182563272433 1
116 73 3.93182563272433 1
116 77 3.93182563272433 1
116 81 3.93182563272433 1
116 85 3.93182563272433 1
116 89 3.93182563272433 1
116 93 3.93182563272433 1
116 97 3.93182563272433 1
116 101 3.93182563272433 1
116 105 3.93182563272433 1
116 109 3.93182563272433 1
116 113 3.93182563272433 1
116 117 3.93182563272433 1
116 121 3.93182563272433 1
116 125 3.93182563272433 1
116 129 3.93182563272433 1
116 133 3.93182563272433 1
116 137 3.93182563272433 1
116 141 3.93182563272433 1
116 145 3.93182563272433 1
116 149 3.93182563272433 1
116 153 3.93182563272433 1
116 157 3.93182563272433 1
116 161 3.93182563272433 1
116 165 3.93182563272433 1
116 169 3.93182563272433 1
116 173 3.93182563272433 1
116 177 3.93182563272433 1
116 181 3.93182563272433 1
116 185 3.93182563272433 1
116 189 3.93182563272433 1
116 193 3.93182563272433 1
116 197 3.93182563272433 1
116 201 3.93182563272433 1
117 117 0.517422334295303 0
117 118 0.906476796461036 0
118 118 0.358410592162198 0
118 119 1.19993463538284 0
119 119 0.778207371442769 0
119 120 0.614758455346203 0
120 1 3.93182563272433 1
120 5 3.93182563272433 1
120 9 3.93182563272433 1
120 13 3.93182563272433 1
120 17 3.93182563272433 1
120 21 3.93182563272433 1
120 25 3.93182563272433 1
120 33 3.93182563272433 1
120 37 3.93182563272433 1
120 41 3.93182563272433 1
120 45 3.93182563272433 1
120 49 3.93182563272433 1
120 53 3.93182563272433 1
120 57 3.93182563272433 1
120 61 3.93182563272433 1
120 65 3.93182563272433 1
120 69 3.93182563272433 1
120 73 3.93182563272433 1
120 77 3.93182563272433 1
120 81 3.93182563272433 1
120 85 3.93182563272433 1
120 89 3.93182563272433 1
120 93 3.93182563272433 1
120 97 3.93182563272433 1
120 101 3.93182563272433 1
120 105 3.93182563272433 1
120 109 3.93182563272433 1
120 113 3.93182563272433 1
120 117 3.93182563272433 1
120 121 3.93182563272433 1
120 125 3.93182563272433 1
120 129 3.93182563272433 1
120 133 3.93182563272433 1
120 137 3.93182563272433 1
120 141 3.93182563272433 1
120 145 3.93182563272433 1
120 149 3.93182563272433 1
120 153 3.93182563272433 1
120 157 3.93182563272433 1
120 161 3.93182563272433 1
120 165 3.93182563272433 1
120 169 3.93182563272433 1
120 173 3.93182563272433 1
120 177 3.93182563272433 1
120 181 3.93182563272433 1
120 185 3.93182563272433 1
120 189 3.93182563272433 1
120 193 3.93182563272433 1
120 197 3.93182563272433 1
120 201 3.93182563272433 1
121 121 0.646016296997408 0
121 122 0.742609730730188 0
122 122 0.441153582966739 0
122 123 1.03084308555802 0
123 123 0.855831770837533 0
123 124 0.553262810896704 0
124 1 3.93182563272433 1
124 5 3.93182563272433 1
124 9 3.93182563272433 1
124 13 3.93182563272433 1
124 17 3.93182563272433 1
124 21 3.93182563272433 1
124 25 3.93182563272433 1
124 33 3.93182563272433 1
124 37 3.93182563272433 1
124 41 3.93182563272433 1
124 45 3.93182563272433 1
124 49 3.93182563272433 1
124 53 3.93182563272433 1
124 57 3.93182563272433 1
124 61 3.93182563272433 1
124 65 3.93182563272433 1
124 69 3.93182563272433 1
124 73 3.93182563272433 1
124 77 3.93182563272433 1
124 81 3.93182563272433 1
124 85 3.93182563272433 1
124 89 3.93182563272433 1
124 93 3.93182563272433 1
124 97 3.93182563272433 1
124 101 3.93182563272433 1
124 105 3.93182563272433 1
124 109 3.93182563272433 1
124 113 3.93182563272433 1
124 117 3.93182563272433 1
124 121 3.93182563272433 1
124 125 3.93182563272433 1
124 129 3.93182563272433 1
124 133 3.93182563272433 1
124 137 3.93182563272433 1
124 141 3.93182563272433 1
124 145 3.93182563272433 1
124 149 3.93182563272433 1
124 153 3.93182563272433 1
124 157 3.93182563272433 1
124 161 3.93182563272433 1
124 165 3.93182563272433 1
124 169 3.93182563272433 1
124 173 3.93182563272433 1
124 177 3.93182563272433 1
124 181 3.93182563272433 1
124 185 3.93182563272433 1
124 189 3.93182563272433 1
124 193 3.93182563272433 1
124 197 3.93182563272433 1
124 201 3.93182563272433 1
125 125 0.52841728704544 0
125 126 0.890470219017136 0
126 126 0.290478378473806 0
126 127 1.37795205511924 0
127 127 0.651631794491182 0
127 128 0.736460818313334 0
128 1 3.93182563272433 1
128 5 3.93182563272433 1
128 9 3.93182563272433 1
128 13 3.93182563272433 1
128 17 3.93182563272433 1
128 21 3.93182563272433 1
128 25 3.93182563272433 1
128 33 3.93182563272433 1
128 37 3.93182563272433 1
128 41 3.93182563272433 1
128 45 3.93182563272433 1
128 49 3.93182563272433 1
128 53 3.93182563272433 1
128 57 3.93182563272433 1
128 61 3.93182563272433 1
128 65 3.93182563272433 1
128 69 3.93182563272433 1
128 73 3.93182563272433 1
128 77 3.93182563272433 1
128 81 3.93182563272433 1
128 85 3.93182563272433 1
128 89 3.93182563272433 1
128 93 3.93182563272433 1
128 97 3.93182563272433 1
128 101 3.93182563272433 1
128 105 3.93182563272433 1
128 109 3.93182563272433 1
128 113 3.93182563272433 1
128 117 3.93182563272433 1
128 121 3.93182563272433 1
128 125 3.93182563272433 1
128 129 3.93182563272433 1
128 133 3.93182563272433 1
128 137 3.93182563272433 1
128 141 3.93182563272433 1
128 145 3.93182563272433 1
128 149 3.93182563272433 1
128 153 3.93182563272433 1
128 157 3.93182563272433 1
128 161 3.93182563272433 1
128 165 3.93182563272433 1
128 169 3.93182563272433 1
128 173 3.93182563272433 1
128 177 3.93182563272433 1
128 181 3.93182563272433 1
128 185 3.93182563272433 1
128 189 3.93182563272433 1
128 193 3.93182563272433 1
128 197 3.93182563272433 1
128 201 3.93182563272433 1
129 129 0.245355290691961 0
129 130 1.52521901411965 0
130 130 0.15689337090153 0
130 131 1.9296101192866 0
131 131 0.463776180121024 0
131 132 0.99129556762829 0
132 1 3.93182563272433 1
132 5 3.93182563272433 1
132 9 3.93182563272433 1
132 13 3.93182563272433 1
132 17 3.93182563272433 1
132 21 3.93182563272433 1
132 25 3.93182563272433 1
132 33 3.93182563272433 1
132 37 3.93182563272433 1
132 41 3.93182563272433 1
132 45 3.93182563272433 1
132 49 3.93182563272433 1
132 53 3.93182563272433 1
132 57 3.93182563272433 1
132 61 3.93182563272433 1
132 65 3.93182563272433 1
132 69 3.93182563272433 1
132 73 3.93182563272433 1
132 77 3.93182563272433 1
132 81 3.93182563272433 1
132 85 3.93182563272433 1
132 89 3.93182563272433 1
132 93 3.93182563272433 1
132 97 3.93182563272433 1
132 101 3.93182563272433 1
132 105 3.93182563272433 1
132 109 3.93182563272433 1
132 113 3.93182563272433 1
132 117 3.93182563272433 1
132 121 3.93182563272433 1
132 125 3.93182563272433 1
132 129 3.93182563272433 1
132 133 3.93182563272433 1
132 137 3.93182563272433 1
132 141 3.93182563272433 1
132 145 3.93182563272433 1
132 149 3.93182563272433 1
132 153 3.93182563272433 1
132 157 3.93182563272433 1
132 161 3.93182563272433 1
132 165 3.93182563272433 1
132 169 3.93182563272433 1
132 173 3.93182563272433 1
132 177 3.93182563272433 1
132 181 3.93182563272433 1
132 185 3.93182563272433 1
132 189 3.93182563272433 1
132 193 3.93182563272433 1
132 197 3.93182563272433 1
132 201 3.93182563272433 1
133 133 0.439847568505359 0
133 134 1.03320270951175 0
134 134 0.248190498548687 0
134 135 1.51508864870724 0
135 135 0.319989722649789 0
135 136 1.29519850365579 0
136 1 3.93182563272433 1
136 5 3.93182563272433 1
136 9 3.93182563272433 1
136 13 3.93182563272433 1
136 17 3.93182563272433 1
136 21 3.93182563272433 1
136 25 3.93182563272433 1
136 33 3.93182563272433 1
136 37 3.93182563272433 1
136 41 3.93182563272433 1
136 45 3.93182563272433 1
136 49 3.93182563272433 1
136 53 3.93182563272433 1
136 57 3.93182563272433 1
136 61 3.93182563272433 1
136 65 3.93182563272433 1
136 69 3.93182563272433 1
136 73 3.93182563272433 1
136 77 3.93182563272433 1
136 81 3.93182563272433 1
136 85 3.93182563272433 1
136 89 3.93182563272433 1
136 93 3.93182563272433 1
136 97 3.93182563272433 1
136 101 3.93182563272433 1
136 105 3.93182563272433 1
136 109 3.93182563272433 1
136 113 3.93182563272433 1
136 117 3.93182563272433 1
136 121 3.93182563272433 1
136 125 3.93182563272433 1
136 129 3.93182563272433 1
136 133 3.93182563272433 1
136 137 3.93182563272433 1
136 141 3.93182563272433 1
136 145 3.93182563272433 1
136 149 3.93182563272433 1
136 153 3.93182563272433 1
136 157 3.93182563272433 1
136 161 3.93182563272433 1
136 165 3.93182563272433 1
136 169 3.93182563272433 1
136 173 3.93182563272433 1
136 177 3.93182563272433 1
136 181 3.93182563272433 1
136 185 3.93182563272433 1
136 189 3.93182563272433 1
136 193 3.93182563272433 1
136 197 3.93182563272433 1
136 201 3.93182563272433 1
137 137 0.488653420512803 0
137 138 0.950498968503894 0
138 138 0.695050390515589 0
138 139 0.691247386312375 0
139 139 0.504124625687314 0
139 140 0.926427182546542 0
140 1 3.93182563272433 1
140 5 3.93182563272433 1
140 9 3.93182563272433 1
140 13 3.93182563272433 1
140 17 3.93182563272433 1
140 21 3.93182563272433 1
140 25 3.93182563272433 1
140 33 3.93182563272433 1
140 37 3.93182563272433 1
140 41 3.93182563272433 1
140 45 3.93182563272433 1
140 49 3.93182563272433 1
140 53 3.93182563272433 1
140 57 3.93182563272433 1
140 61 3.93182563272433 1
140 65 3.93182563272433 1
140 69 3.93182563272433 1
140 73 3.93182563272433 1
140 77 3.93182563272433 1
140 81 3.93182563272433 1
140 85 3.93182563272433 1
140 89 3.93182563272433 1
140 93 3.93182563272433 1
140 97 3.93182563272433 1
140 101 3.93182563272433 1
140 105 3.93182563272433 1
140 109 3.93182563272433 1
140 113 3.93182563272433 1
140 117 3.93182563272433 1
140 121 3.93182563272433 1
140 125 3.93182563272433 1
140 129 3.93182563272433 1
140 133 3.93182563272433 1
140 137 3.93182563272433 1
140 141 3.93182563272433 1
140 145 3.93182563272433 1
140 149 3.93182563272433 1
140 153 3.93182563272433 1
140 157 3.93182563272433 1
140 161 3.93182563272433 1
140 165 3.93182563272433 1
140 169 3.93182563272433 1
140 173 3.93182563272433 1
140 177 3.93182563272433 1
140 181 3.93182563272433 1
140 185 3.93182563272433 1
140 189 3.93182563272433 1
140 193 3.93182563272433 1
140 197 3.93182563272433 1
140 201 3.93182563272433 1
141 141 0.341241370884851 0
141 142 1.24093870148852 0
142 142 0.157603617695034 0
142 143 1.92543921571361 0
143 143 0.362858451045891 0
143 144 1.18969160122688 0
144 1 3.93182563272433 1
144 5 3.93182563272433 1
144 9 3.93182563272433 1
144 13 3.93182563272433 1
144 17 3.93182563272433 1
144 21 3.93182563272433 1
144 25 3.93182563272433 1
144 33 3.93182563272433 1
144 37 3.93182563272433 1
144 41 3.93182563272433 1
144 45 3.93182563272433 1
144 49 3.93182563272433 1
144 53 3.93182563272433 1
144 57 3.93182563272433 1
144 61 3.93182563272433 1
144 65 3.93182563272433 1
144 69 3.93182563272433 1
144 73 3.93182563272433 1
144 77 3.93182563272433 1
144 81 3.93182563272433 1
144 85 3.93182563272433 1
144 89 3.93182563272433 1
144 93 3.93182563272433 1
144 97 3.93182563272433 1
144 101 3.93182563272433 1
144 105 3.93182563272433 1
144 109 3.93182563272433 1
144 113 3.93182563272433 1
144 117 3.93182563272433 1
144 121 3.93182563272433 1
144 125 3.93182563272433 1
144 129 3.93182563272433 1
144 133 3.93182563272433 1
144 137 3.93182563272433 1
144 141 3.93182563272433 1
144 145 3.93182563272433 1
144 149 3.93182563272433 1
144 153 3.93182563272433 1
144 157 3.93182563272433 1
144 161 3.93182563272433 1
144 165 3.93182563272433 1
144 169 3.93182563272433 1
144 173 3.93182563272433 1
144 177 3.93182563272433 1
144 181 3.93182563272433 1
144 185 3.93182563272433 1
144 189 3.93182563272433 1
144 193 3.93182563272433 1
144 197 3.93182563272433 1
144 201 3.93182563272433 1
145 145 0.532967454867333 0
145 146 0.883970938852705 0
146 146 0.308223068274922 0
146 147 1.32708777954156 0
147 147 0.363139939919738 0
147 148 1.18904839608534 0
148 1 3.93182563272433 1
148 5 3.93182563272433 1
148 9 3.93182563272433 1
148 13 3.93182563272433 1
148 17 3.93182563272433 1
148 21 3.93182563272433 1
148 25 3.93182563272433 1
148 33 3.93182563272433 1
148 37 3.93182563272433 1
148 41 3.93182563272433 1
148 45 3.93182563272433 1
148 49 3.93182563272433 1
148 53 3.93182563272433 1
148 57 3.93182563272433 1
148 61 3.93182563272433 1
148 65 3.93182563272433 1
148 69 3.93182563272433 1
148 73 3.93182563272433 1
148 77 3.93182563272433 1
148 81 3.93182563272433 1
148 85 3.93182563272433 1
148 89 3.93182563272433 1
148 93 3.93182563272433 1
148 97 3.93182563272433 1
148 101 3.93182563272433 1
148 105 3.93182563272433 1
148 109 3.93182563272433 1
148 113 3.93182563272433 1
148 117 3.93182563272433 1
148 121 3.93182563272433 1
148 125 3.93182563272433 1
148 129 3.93182563272433 1
148 133 3.93182563272433 1
148 137 3.93182563272433 1
148 141 3.93182563272433 1
148 145 3.93182563272433 1
148 149 3.93182563272433 1
148 153 3.93182563272433 1
148 157 3.93182563272433 1
148 161 3.93182563272433 1
148 165 3.93182563272433 1
148 169 3.93182563272433 1
148 173 3.93182563272433 1
148 177 3.93182563272433 1
148 181 3.93182563272433 1
148 185 3.93182563272433 1
148 189 3.93182563272433 1
148 193 3.93182563272433 1
148 197 3.93182563272433 1
148 201 3.93182563272433 1
149 149 0.22179720804119 0
149 150 1.61484148547426 0
150 150 0.405588665741094 0
150 151 1.09836491926644 0
151 151 0.486570830581785 0
151 152 0.953812968256089 0
152 1 3.93182563272433 1
152 5 3.93182563272433 1
152 9 3.93182563272433 1
152 13 3.93182563272433 1
152 17 3.93182563272433 1
152 21 3.93182563272433 1
152 25 3.93182563272433 1
152 33 3.93182563272433 1
152 37 3.93182563272433 1
152 41 3.93182563272433 1
152 45 3.93182563272433 1
152 49 3.93182563272433 1
152 53 3.93182563272433 1
152 57 3.93182563272433 1
152 61 3.93182563272433 1
152 65 3.93182563272433 1
152 69 3.93182563272433 1
152 73 3.93182563272433 1
152 77 3.93182563272433 1
152 81 3.93182563272433 1
152 85 3.93182563272433 1
152 89 3.93182563272433 1
152 93 3.93182563272433 1
152 97 3.93182563272433 1
152 101 3.93182563272433 1
152 105 3.93182563272433 1
152 109 3.93182563272433 1
152 113 3.93182563272433 1
152 117 3.93182563272433 1
152 121 3.93182563272433 1
152 125 3.93182563272433 1
152 129 3.93182563272433 1
152 133 3.93182563272433 1
152 137 3.93182563272433 1
152 141 3.93182563272433 1
152 145 3.93182563272433 1
152 149 3.93182563272433 1
152 153 3.93182563272433 1
152 157 3.93182563272433 1
152 161 3.93182563272433 1
152 165 3.93182563272433 1
152 169 3.93182563272433 1
152 173 3.93182563272433 1
152 177 3.93182563272433 1
152 181 3.93182563272433 1
152 185 3.93182563272433 1
152 189 3.93182563272433 1
152 193 3.93182563272433 1
152 197 3.93182563272433 1
152 201 3.93182563272433 1
153 153 0.347932272706052 0
153 154 1.22467461576704 0
154 154 0.268782467136335 0
154 155 1.44523535104025 0
155 155 0.428388861053586 0
155 156 1.05428349017879 0
156 1 3.93182563272433 1
156 5 3.93182563272433 1
156 9 3.93182563272433 1
156 13 3.93182563272433 1
156 17 3.93182563272433 1
156 21 3.93182563272433 1
156 25 3.93182563272433 1
156 33 3.93182563272433 1
156 37 3.93182563272433 1
156 41 3.93182563272433 1
156 45 3.93182563272433 1
156 49 3.93182563272433 1
156 53 3.93182563272433 1
156 57 3.93182563272433 1
156 61 3.93182563272433 1
156 65 3.93182563272433 1
156 69 3.93182563272433 1
156 73 3.93182563272433 1
156 77 3.93182563272433 1
156 81 3.93182563272433 1
156 85 3.93182563272433 1
156 89 3.93182563272433 1
156 93 3.93182563272433 1
156 97 3.93182563272433 1
156 101 3.93182563272433 1
156 105 3.93182563272433 1
156 109 3.93182563272433 1
156 113 3.93182563272433 1
156 117 3.93182563272433 1
156 121 3.93182563272433 1
156 125 3.93182563272433 1
156 129 3.93182563272433 1
156 133 3.93182563272433 1
156 137 3.93182563272433 1
156 141 3.93182563272433 1
156 145 3.93182563272433 1
156 149 3.93182563272433 1
156 153 3.93182563272433 1
156 157 3.93182563272433 1
156 161 3.93182563272433 1
156 165 3.93182563272433 1
156 169 3.93182563272433 1
156 173 3.93182563272433 1
156 177 3.93182563272433 1
156 181 3.93182563272433 1
156 185 3.93182563272433 1
156 189 3.93182563272433 1
156 193 3.93182563272433 1
156 197 3.93182563272433 1
156 201 3.93182563272433 1
157 157 0.292604434087074 0
157 158 1.37167100547851 0
158 158 0.526805457258203 0
158 159 0.892789804668597 0
159 159 0.553165262381238 0
159 160 0.855964036786422 0
160 1 3.93182563272433 1
160 5 3.93182563272433 1
160 9 3.93182563272433 1
160 13 3.93182563272433 1
160 17 3.93182563272433 1
160 21 3.93182563272433 1
160 25 3.93182563272433 1
160 33 3.93182563272433 1
160 37 3.93182563272433 1
160 41 3.93182563272433 1
160 45 3.93182563272433 1
160 49 3.93182563272433 1
160 53 3.93182563272433 1
160 57 3.93182563272433 1
160 61 3.93182563272433 1
160 65 3.93182563272433 1
160 69 3.93182563272433 1
160 73 3.93182563272433 1
160 77 3.93182563272433 1
160 81 3.93182563272433 1
160 85 3.93182563272433 1
160 89 3.93182563272433 1
160 93 3.93182563272433 1
160 97 3.93182563272433 1
160 101 3.93182563272433 1
160 105 3.93182563272433 1
160 109 3.93182563272433 1
160 113 3.93182563272433 1
160 117 3.93182563272433 1
160 121 3.93182563272433 1
160 125 3.93182563272433 1
160 129 3.93182563272433 1
160 133 3.93182563272433 1
160 137 3.93182563272433 1
160 141 3.93182563272433 1
160 145 3.93182563272433 1
160 149 3.93182563272433 1
160 153 3.93182563272433 1
160 157 3.93182563272433 1
160 161 3.93182563272433 1
160 165 3.93182563272433 1
160 169 3.93182563272433 1
160 173 3.93182563272433 1
160 177 3.93182563272433 1
160 181 3.93182563272433 1
160 185 3.93182563272433 1
160 189 3.93182563272433 1
160 193 3.93182563272433 1
160 197 3.93182563272433 1
160 201 3.93182563272433 1
161 161 0.413047129122323 0
161 162 1.0836185585467 0
162 162 0.172411345557449 0
162 163 1.84283952319507 0
163 163 0.39164282749102 0
163 164 1.12684356745896 0
164 1 3.93182563272433 1
164 5 3.93182563272433 1
164 9 3.93182563272433 1
164 13 3.93182563272433 1
164 17 3.93182563272433 1
164 21 3.93182563272433 1
164 25 3.93182563272433 1
164 33 3.93182563272433 1
164 37 3.93182563272433 1
164 41 3.93182563272433 1
164 45 3.93182563272433 1
164 49 3.93182563272433 1
164 53 3.93182563272433 1
164 57 3.93182563272433 1
164 61 3.93182563272433 1
164 65 3.93182563272433 1
164 69 3.93182563272433 1
164 73 3.93182563272433 1
164 77 3.93182563272433 1
164 81 3.93182563272433 1
164 85 3.93182563272433 1
164 89 3.93182563272433 1
164 93 3.93182563272433 1
164 97 3.93182563272433 1
164 101 3.93182563272433 1
164 105 3.93182563272433 1
164 109 3.93182563272433 1
164 113 3.93182563272433 1
164 117 3.93182563272433 1
164 121 3.93182563272433 1
164 125 3.93182563272433 1
164 129 3.93182563272433 1
164 133 3.93182563272433 1
164 137 3.93182563272433 1
164 141 3.93182563272433 1
164 145 3.93182563272433 1
164 149 3.93182563272433 1
164 153 3.93182563272433 1
164 157 3.93182563272433 1
164 161 3.93182563272433 1
164 165 3.93182563272433 1
164 169 3.93182563272433 1
164 173 3.93182563272433 1
164 177 3.93182563272433 1
164 181 3.93182563272433 1
164 185 3.93182563272433 1
164 189 3.93182563272433 1
164 193 3.93182563272433 1
164 197 3.93182563272433 1
164 201 3.93182563272433 1
165 165 0.564469573517185 0
165 166 0.840862577972541 0
166 166 0.518534091140723 0
166 167 0.904838311900134 0
167 167 0.643886270066096 0
167 168 0.744961031466165 0
168 1 3.93182563272433 1
168 5 3.93182563272433 1
168 9 3.93182563272433 1
168 13 3.93182563272433 1
168 17 3.93182563272433 1
168 21 3.93182563272433 1
168 25 3.93182563272433 1
168 33 3.93182563272433 1
168 37 3.93182563272433 1
168 41 3.93182563272433 1
168 45 3.93182563272433 1
168 49 3.93182563272433 1
168 53 3.93182563272433 1
168 57 3.93182563272433 1
168 61 3.93182563272433 1
168 65 3.93182563272433 1
168 69 3.93182563272433 1
168 73 3.93182563272433 1
168 77 3.93182563272433 1
168 81 3.93182563272433 1
168 85 3.93182563272433 1
168 89 3.93182563272433 1
168 93 3.93182563272433 1
168 97 3.93182563272433 1
168 101 3.93182563272433 1
168 105 3.93182563272433 1
168 109 3.93182563272433 1
168 113 3.93182563272433 1
168 117 3.93182563272433 1
168 121 3.93182563272433 1
168 125 3.93182563272433 1
168 129 3.93182563272433 1
168 133 3.93182563272433 1
168 137 3.93182563272433 1
168 141 3.93182563272433 1
168 145 3.93182563272433 1
168 149 3.93182563272433 1
168 153 3.93182563272433 1
168 157 3.93182563272433 1
168 161 3.93182563272433 1
168 165 3.93182563272433 1
168 169 3.93182563272433 1
168 173 3.93182563272433 1
168 177 3.93182563272433 1
168 181 3.93182563272433 1
168 185 3.93182563272433 1
168 189 3.93182563272433 1
168 193 3.93182563272433 1
168 197 3.93182563272433 1
168 201 3.93182563272433 1
169 169 0.390289787950511 0
169 170 1.12967177937953 0
170 170 0.210963900312113 0
170 171 1.65969647917909 0
171 171 0.363372033752261 0
171 172 1.18851850621386 0
172 1 3.93182563272433 1
172 5 3.93182563272433 1
172 9 3.93182563272433 1
172 13 3.93182563272433 1
172 17 3.93182563272433 1
172 21 3.93182563272433 1
172 25 3.93182563272433 1
172 33 3.93182563272433 1
172 37 3.93182563272433 1
172 41 3.93182563272433 1
172 45 3.93182563272433 1
172 49 3.93182563272433 1
172 53 3.93182563272433 1
172 57 3.93182563272433 1
172 61 3.93182563272433 1
172 65 3.93182563272433 1
172 69 3.93182563272433 1
172 73 3.93182563272433 1
172 77 3.93182563272433 1
172 81 3.93182563272433 1
172 85 3.93182563272433 1
172 89 3.93182563272433 1
172 93 3.93182563272433 1
172 97 3.93182563272433 1
172 101 3.93182563272433 1
172 105 3.93182563272433 1
172 109 3.93182563272433 1
172 113 3.93182563272433 1
172 117 3.93182563272433 1
172 121 3.93182563272433 1
172 125 3.93182563272433 1
172 129 3.93182563272433 1
172 133 3.93182563272433 1
172 137 3.93182563272433 1
172 141 3.93182563272433 1
172 145 3.93182563272433 1
172 149 3.93182563272433 1
172 153 3.93182563272433 1
172 157 3.93182563272433 1
172 161 3.93182563272433 1
172 165 3.93182563272433 1
172 169 3.93182563272433 1
172 173 3.93182563272433 1
172 177 3.93182563272433 1
172 181 3.93182563272433 1
172 185 3.93182563272433 1
172 189 3.93182563272433 1
172 193 3.93182563272433 1
172 197 3.93182563272433 1
172 201 3.93182563272433 1
173 173 0.421128592487607 0
173 174 1.0680026794943 0
174 174 0.278753385411185 0
174 175 1.41356895415477 0
175 175 0.501892972289032 0
175 176 0.929841125182754 0
176 1 3.93182563272433 1
176 5 3.93182563272433 1
176 9 3.93182563272433 1
176 13 3.93182563272433 1
176 17 3.93182563272433 1
176 21 3.93182563272433 1
176 25 3.93182563272433 1
176 33 3.93182563272433 1
176 37 3.93182563272433 1
176 41 3.93182563272433 1
176 45 3.93182563272433 1
176 49 3.93182563272433 1
176 53 3.93182563272433 1
176 57 3.93182563272433 1
176 61 3.93182563272433 1
176 65 3.93182563272433 1
176 69 3.93182563272433 1
176 73 3.93182563272433 1
176 77 3.93182563272433 1
176 81 3.93182563272433 1
176 85 3.93182563272433 1
176 89 3.93182563272433 1
176 93 3.93182563272433 1
176 97 3.93182563272433 1
176 101 3.93182563272433 1
176 105 3.93182563272433 1
176 109 3.93182563272433 1
176 113 3.93182563272433 1
176 117 3.93182563272433 1
176 121 3.93182563272433 1
176 125 3.93182563272433 1
176 129 3.93182563272433 1
176 133 3.93182563272433 1
176 137 3.93182563272433 1
176 141 3.93182563272433 1
176 145 3.93182563272433 1
176 149 3.93182563272433 1
176 153 3.93182563272433 1
176 157 3.93182563272433 1
176 161 3.93182563272433 1
176 165 3.93182563272433 1
176 169 3.93182563272433 1
176 173 3.93182563272433 1
176 177 3.93182563272433 1
176 181 3.93182563272433 1
176 185 3.93182563272433 1
176 189 3.93182563272433 1
176 193 3.93182563272433 1
176 197 3.93182563272433 1
176 201 3.93182563272433 1
177 177 0.231174714947466 0
177 178 1.57794312135123 0
178 178 0.152163089727112 0
178 179 1.95791937197288 0
179 179 0.344669583249428 0
179 180 1.23255851017938 0
180 1 3.93182563272433 1
180 5 3.93182563272433 1
180 9 3.93182563272433 1
180 13 3.93182563272433 1
180 17 3.93182563272433 1
180 21 3.93182563272433 1
180 25 3.93182563272433 1
180 33 3.93182563272433 1
180 37 3.93182563272433 1
180 41 3.93182563272433 1
180 45 3.93182563272433 1
180 49 3.93182563272433 1
180 53 3.93182563272433 1
180 57 3.93182563272433 1
180 61 3.93182563272433 1
180 65 3.93182563272433 1
180 69 3.93182563272433 1
180 73 3.93182563272433 1
180 77 3.93182563272433 1
180 81 3.93182563272433 1
180 85 3.93182563272433 1
180 89 3.93182563272433 1
180 93 3.93182563272433 1
180 97 3.93182563272433 1
180 101 3.93182563272433 1
180 105 3.93182563272433 1
180 109 3.93182563272433 1
180 113 3.93182563272433 1
180 117 3.93182563272433 1
180 121 3.93182563272433 1
180 125 3.93182563272433 1
180 129 3.93182563272433 1
180 133 3.93182563272433 1
180 137 3.93182563272433 1
180 141 3.93182563272433 1
180 145 3.93182563272433 1
180 149 3.93182563272433 1
180 153 3.93182563272433 1
180 157 3.93182563272433 1
180 161 3.93182563272433 1
180 165 3.93182563272433 1
180 169 3.93182563272433 1
180 173 3.93182563272433 1
180 177 3.93182563272433 1
180 181 3.93182563272433 1
180 185 3.93182563272433 1
180 189 3.93182563272433 1
180 193 3.93182563272433 1
180 197 3.93182563272433 1
180 201 3.93182563272433 1
181 181 0.475772396634261 0
181 182 0.971287982710109 0
182 182 0.32101564752568 0
182 183 1.29248312234839 0
183 183 0.501061283805416 0
183 184 0.931118369976882 0
184 1 3.93182563272433 1
184 5 3.93182563272433 1
184 9 3.93182563272433 1
184 13 3.93182563272433 1
184 17 3.93182563272433 1
184 21 3.93182563272433 1
184 25 3.93182563272433 1
184 33 3.93182563272433 1
184 37 3.93182563272433 1
184 41 3.93182563272433 1
184 45 3.93182563272433 1
184 49 3.93182563272433 1
184 53 3.93182563272433 1
184 57 3.93182563272433 1
184 61 3.93182563272433 1
184 65 3.93182563272433 1
184 69 3.93182563272433 1
184 73 3.93182563272433 1
184 77 3.93182563272433 1
184 81 3.93182563272433 1
184 85 3.93182563272433 1
184 89 3.93182563272433 1
184 93 3.93182563272433 1
184 97 3.93182563272433 1
184 101 3.93182563272433 1
184 105 3.93182563272433 1
184 109 3.93182563272433 1
184 113 3.93182563272433 1
184 117 3.93182563272433 1
184 121 3.93182563272433 1
184 125 3.93182563272433 1
184 129 3.93182563272433 1
184 133 3.93182563272433 1
184 137 3.93182563272433 1
184 141 3.93182563272433 1
184 145 3.93182563272433 1
184 149 3.93182563272433 1
184 153 3.93182563272433 1
184 157 3.93182563272433 1
184 161 3.93182563272433 1
184 165 3.93182563272433 1
184 169 3.93182563272433 1
184 173 3.93182563272433 1
184 177 3.93182563272433 1
184 181 3.93182563272433 1
184 185 3.93182563272433 1
184 189 3.93182563272433 1
184 193 3.93182563272433 1
184 197 3.93182563272433 1
184 201 3.93182563272433 1
185 185 0.312975265354409 0
185 186 1.31404105064551 0
186 186 0.187187295323278 0
186 187 1.76777911023006 0
187 187 0.477814535101511 0
187 188 0.967945144088479 0
188 1 3.93182563272433 1
188 5 3.93182563272433 1
188 9 3.93182563272433 1
188 13 3.93182563272433 1
188 17 3.93182563272433 1
188 21 3.93182563272433 1
188 25 3.93182563272433 1
188 33 3.93182563272433 1
188 37 3.93182563272433 1
188 41 3.93182563272433 1
188 45 3.93182563272433 1
188 49 3.93182563272433 1
188 53 3.93182563272433 1
188 57 3.93182563272433 1
188 61 3.93182563272433 1
188 65 3.93182563272433 1
188 69 3.93182563272433 1
188 73 3.93182563272433 1
188 77 3.93182563272433 1
188 81 3.93182563272433 1
188 85 3.93182563272433 1
188 89 3.93182563272433 1
188 93 3.93182563272433 1
188 97 3.93182563272433 1
188 101 3.93182563272433 1
188 105 3.93182563272433 1
188 109 3.93182563272433 1
188 113 3.93182563272433 1
188 117 3.93182563272433 1
188 121 3.93182563272433 1
188 125 3.93182563272433 1
188 129 3.93182563272433 1
188 133 3.93182563272433 1
188 137 3.93182563272433 1
188 141 3.93182563272433 1
188 145 3.93182563272433 1
188 149 3.93182563272433 1
188 153 3.93182563272433 1
188 157 3.93182563272433 1
188 161 3.93182563272433 1
188 165 3.93182563272433 1
188 169 3.93182563272433 1
188 173 3.93182563272433 1
188 177 3.93182563272433 1
188 181 3.93182563272433 1
188 185 3.93182563272433 1
188 189 3.93182563272433 1
188 193 3.93182563272433 1
188 197 3.93182563272433 1
188 201 3.93182563272433 1
189 189 0.0792912900584778 0
189 190 2.57401160587668 0
190 190 0.074641329748215 0
190 191 2.63214902698231 0
191 191 0.0370264982045717 0
191 192 3.31457868176008 0
192 1 3.93182563272433 1
192 5 3.93182563272433 1
192 9 3.93182563272433 1
192 13 3.93182563272433 1
192 17 3.93182563272433 1
192 21 3.93182563272433 1
192 25 3.93182563272433 1
192 33 3.93182563272433 1
192 37 3.93182563272433 1
192 41 3.93182563272433 1
192 45 3.93182563272433 1
192 49 3.93182563272433 1
192 53 3.93182563272433 1
192 57 3.93182563272433 1
192 61 3.93182563272433 1
192 65 3.93182563272433 1
192 69 3.93182563272433 1
192 73 3.93182563272433 1
192 77 3.93182563272433 1
192 81 3.93182563272433 1
192 85 3.93182563272433 1
192 89 3.93182563272433 1
192 93 3.93182563272433 1
192 97 3.93182563272433 1
192 101 3.93182563272433 1
192 105 3.93182563272433 1
192 109 3.93182563272433 1
192 113 3.93182563272433 1
192 117 3.93182563272433 1
192 121 3.93182563272433 1
192 125 3.93182563272433 1
192 129 3.93182563272433 1
192 133 3.93182563272433 1
192 137 3.93182563272433 1
192 141 3.93182563272433 1
192 145 3.93182563272433 1
192 149 3.93182563272433 1
192 153 3.93182563272433 1
192 157 3.93182563272433 1
192 161 3.93182563272433 1
192 165 3.93182563272433 1
192 169 3.93182563272433 1
192 173 3.93182563272433 1
192 177 3.93182563272433 1
192 181 3.93182563272433 1
192 185 3.93182563272433 1
192 189 3.93182563272433 1
192 193 3.93182563272433 1
192 197 3.93182563272433 1
192 201 3.93182563272433 1
193 193 0.263398779393578 0
193 194 1.46289639470694 0
194 194 0.126426180249905 0
194 195 2.13064389283443 0
195 195 0.164619015488421 0
195 196 1.88530209208196 0
196 1 3.93182563272433 1
196 5 3.93182563272433 1
196 9 3.93182563272433 1
196 13 3.93182563272433 1
196 17 3.93182563272433 1
196 21 3.93182563272433 1
196 25 3.93182563272433 1
196 33 3.93182563272433 1
196 37 3.93182563272433 1
196 41 3.93182563272433 1
196 45 3.93182563272433 1
196 49 3.93182563272433 1
196 53 3.93182563272433 1
196 57 3.93182563272433 1
196 61 3.93182563272433 1
196 65 3.93182563272433 1
196 69 3.93182563272433 1
196 73 3.93182563272433 1
196 77 3.93182563272433 1
196 81 3.93182563272433 1
196 85 3.93182563272433 1
196 89 3.93182563272433 1
196 93 3.93182563272433 1
196 97 3.93182563272433 1
196 101 3.93182563272433 1
196 105 3.93182563272433 1
196 109 3.93182563272433 1
196 113 3.93182563272433 1
196 117 3.93182563272433 1
196 121 3.93182563272433 1
196 125 3.93182563272433 1
196 129 3.93182563272433 1
196 133 3.93182563272433 1
196 137 3.93182563272433 1
196 141 3.93182563272433 1
196 145 3.93182563272433 1
196 149 3.93182563272433 1
196 153 3.93182563272433 1
196 157 3.93182563272433 1
196 161 3.93182563272433 1
196 165 3.93182563272433 1
196 169 3.93182563272433 1
196 173 3.93182563272433 1
196 177 3.93182563272433 1
196 181 3.93182563272433 1
196 185 3.93182563272433 1
196 189 3.93182563272433 1
196 193 3.93182563272433 1
196 197 3.93182563272433 1
196 201 3.93182563272433 1
197 197 0.289889306601835 0
197 198 1.37970174027894 0
198 198 0.104037058480419 0
198 199 2.3145754913706 0
199 199 0.148846007844551 0
199 200 1.9783430555805 0
200 1 3.93182563272433 1
200 5 3.93182563272433 1
200 9 3.93182563272433 1
200 13 3.93182563272433 1
200 17 3.93182563272433 1
200 21 3.93182563272433 1
200 25 3.93182563272433 1
200 33 3.93182563272433 1
200 37 3.93182563272433 1
200 41 3.93182563272433 1
200 45 3.93182563272433 1
200 49 3.93182563272433 1
200 53 3.93182563272433 1
200 57 3.93182563272433 1
200 61 3.93182563272433 1
200 65 3.93182563272433 1
200 69 3.93182563272433 1
200 73 3.93182563272433 1
200 77 3.93182563272433 1
200 81 3.93182563272433 1
200 85 3.93182563272433 1
200 89 3.93182563272433 1
200 93 3.93182563272433 1
200 97 3.93182563272433 1
200 101 3.93182563272433 1
200 105 3.93182563272433 1
200 109 3.93182563272433 1
200 113 3.93182563272433 1
200 117 3.93182563272433 1
200 121 3.93182563272433 1
200 125 3.93182563272433 1
200 129 3.93182563272433 1
200 133 3.93182563272433 1
200 137 3.93182563272433 1
200 141 3.93182563272433 1
200 145 3.93182563272433 1
200 149 3.93182563272433 1
200 153 3.93182563272433 1
200 157 3.93182563272433 1
200 161 3.93182563272433 1
200 165 3.93182563272433 1
200 169 3.93182563272433 1
200 173 3.93182563272433 1
200 177 3.93182563272433 1
200 181 3.93182563272433 1
200 185 3.93182563272433 1
200 189 3.93182563272433 1
200 193 3.93182563272433 1
200 197 3.93182563272433 1
200 201 3.93182563272433 1
201 201 0.31317876823041 0
201 202 1.31348712026474 0
202 202 0.355208448340667 0
202 203 1.20740334858653 0
203 203 0.378803849208315 0
203 204 1.15416696565233 0
204 1 3.93182563272433 1
204 5 3.93182563272433 1
204 9 3.93182563272433 1
204 13 3.93182563272433 1
204 17 3.93182563272433 1
204 21 3.93182563272433 1
204 25 3.93182563272433 1
204 33 3.93182563272433 1
204 37 3.93182563272433 1
204 41 3.93182563272433 1
204 45 3.93182563272433 1
204 49 3.93182563272433 1
204 53 3.93182563272433 1
204 57 3.93182563272433 1
204 61 3.93182563272433 1
204 65 3.93182563272433 1
204 69 3.93182563272433 1
204 73 3.93182563272433 1
204 77 3.93182563272433 1
204 81 3.93182563272433 1
204 85 3.93182563272433 1
204 89 3.93182563272433 1
204 93 3.93182563272433 1
204 97 3.93182563272433 1
204 101 3.93182563272433 1
204 105 3.93182563272433 1
204 109 3.93182563272433 1
204 113 3.93182563272433 1
204 117 3.93182563272433 1
204 121 3.93182563272433 1
204 125 3.93182563272433 1
204 129 3.93182563272433 1
204 133 3.93182563272433 1
204 137 3.93182563272433 1
204 141 3.93182563272433 1
204 145 3.93182563272433 1
204 149 3.93182563272433 1
204 153 3.93182563272433 1
204 157 3.93182563272433 1
204 161 3.93182563272433 1
204 165 3.93182563272433 1
204 169 3.93182563272433 1
204 173 3.93182563272433 1
204 177 3.93182563272433 1
204 181 3.93182563272433 1
204 185 3.93182563272433 1
204 189 3.93182563272433 1
204 193 3.93182563272433 1
204 197 3.93182563272433 1
204 201 3.93182563272433 1
